4
<name>	<PC1>	<PC2>	<PC3>	<PC4>
AAAUUU5	-1.35368	1.17539	-0.32460	0.74496
AAGCUU5	-1.39284	1.17832	-0.28317	0.88884
AAGUUU5	-1.38450	1.13617	-0.23931	0.84125
AAUAUU5	-1.33753	1.17417	-0.38422	0.64122
AACGUU5	-1.34647	1.14327	-0.20400	0.81661
AAUGUU5	-1.34739	1.14462	-0.20281	0.81211
GAAUUC5	-1.35945	1.16665	-0.29599	0.73341
GAGCUC5	-1.39714	1.16725	-0.25377	0.87654
GAGUUC5	-1.39002	1.12639	-0.21077	0.82988
GAUAUC5	-1.34264	1.16494	-0.35842	0.62854
GACGUC5	-1.35111	1.13495	-0.17648	0.80792
GAUGUC5	-1.35287	1.13663	-0.17528	0.80418
GAAUUU5	-1.35786	1.16259	-0.29614	0.72625
GAGCUU5	-1.39536	1.16412	-0.25370	0.87028
GAGUUU5	-1.38825	1.12235	-0.21044	0.82294
GAUAUU5	-1.34114	1.16010	-0.35785	0.62001
GACGUU5	-1.34988	1.12886	-0.17507	0.79793
GAUGUU5	-1.35155	1.13041	-0.17364	0.79390
UAAUUA5	-1.38587	1.19391	-0.30391	0.74488
UAGCUA5	-1.42236	1.19435	-0.25911	0.88626
UAGUUA5	-1.41539	1.15379	-0.21736	0.84046
UAUAUA5	-1.36869	1.19082	-0.36342	0.63934
UACGUA5	-1.37797	1.16010	-0.18231	0.81645
UAUGUA5	-1.37952	1.16188	-0.18134	0.81304
CAAUUG5	-1.37598	1.19520	-0.32060	0.75498
CAGCUG5	-1.41348	1.19709	-0.27720	0.89782
CAGUUG5	-1.40649	1.15668	-0.23446	0.85177
CAUAUG5	-1.35974	1.19310	-0.38181	0.64907
CACGUG5	-1.36967	1.16147	-0.19920	0.82645
CAUGUG5	-1.37092	1.16315	-0.19803	0.82200
UAAUUG5	-1.37474	1.19246	-0.31746	0.75027
UAGCUG5	-1.41222	1.19589	-0.27459	0.89433
UAGUUG5	-1.40579	1.15355	-0.23103	0.84668
UAUAUG5	-1.35880	1.19060	-0.37929	0.64388
UACGUG5	-1.36865	1.15898	-0.19608	0.82175
UAUGUG5	-1.37016	1.16060	-0.19490	0.81794
AGAUCU5	-1.20214	1.02316	-0.46505	0.31781
AGGCCU5	-1.21395	1.03602	-0.44201	0.40671
AGGUCU5	-1.19049	0.98466	-0.39134	0.34643
AGUACU5	-1.17302	1.00361	-0.43754	0.27616
AGCGCU5	-1.16616	1.00916	-0.35289	0.35782
AGUGCU5	-1.15990	1.00639	-0.35114	0.35213
GGAUCC5	-1.20755	0.98697	-0.39298	0.26439
GGGCCC5	-1.21895	0.99706	-0.36996	0.35165
GGGUCC5	-1.19733	0.94704	-0.32115	0.29314
GGUACC5	-1.17728	0.96511	-0.36404	0.22399
GGCGCC5	-1.16567	0.96814	-0.27019	0.31415
GGUGCC5	-1.16609	0.96933	-0.28141	0.29969
GGAUCU5	-1.21437	1.00180	-0.41974	0.27822
GGGCCU5	-1.22505	1.01288	-0.39544	0.36592
GGGUCU5	-1.20273	0.96095	-0.34459	0.30486
GGUACU5	-1.18483	0.98039	-0.39158	0.23700
GGCGCU5	-1.17705	0.98355	-0.30577	0.31668
GGUGCU5	-1.17205	0.98191	-0.30442	0.31077
UGAUCA5	-1.25777	1.04071	-0.40902	0.29707
UGGCCA5	-1.26737	1.05100	-0.38354	0.38226
UGGUCA5	-1.24636	1.00290	-0.33722	0.32679
UGUACA5	-1.22778	1.01956	-0.38299	0.25589
UGCGCA5	-1.22082	1.02518	-0.29804	0.33810
UGUGCA5	-1.21545	1.02309	-0.29725	0.33307
CGAUCG5	-1.23003	1.03932	-0.44534	0.30830
CGGCCG5	-1.23998	1.05091	-0.41867	0.39540
CGGUCG5	-1.21849	1.00105	-0.37047	0.33683
CGUACG5	-1.20162	1.01858	-0.41851	0.26819
CGCGCG5	-1.19438	1.02352	-0.33211	0.34889
CGUGCG5	-1.18898	1.02084	-0.33114	0.34343
UGAUCG5	-1.22997	1.03864	-0.44275	0.30455
UGGCCG5	-1.23984	1.04980	-0.41631	0.39167
UGGUCG5	-1.21846	1.00045	-0.36740	0.33381
UGUACG5	-1.20167	1.01791	-0.41636	0.26365
UGCGCG5	-1.19422	1.02232	-0.32912	0.34491
UGUGCG5	-1.18876	1.01917	-0.32788	0.33880
AGAUUU5	-1.14760	1.19889	-0.80399	0.65633
AGGCUU5	-1.17926	1.21122	-0.73928	0.71498
AGGUUU5	-1.13026	1.18226	-0.76774	0.72933
AGUAUU5	-1.14816	1.18324	-0.77011	0.68401
AGCGUU5	-1.12709	1.19957	-0.73195	0.73558
AGUGUU5	-1.12563	1.20243	-0.73545	0.73891
GGAUUC5	-1.07276	1.19038	-0.85239	0.69232
GGGCUC5	-1.10308	1.20132	-0.78920	0.75022
GGGUUC5	-1.05471	1.17186	-0.81850	0.76486
GGUAUC5	-1.07256	1.18563	-0.84929	0.68031
GGCGUC5	-1.05305	1.18971	-0.78187	0.76863
GGUGUC5	-1.05275	1.19353	-0.78487	0.77403
GGAUUU5	-1.08896	1.19178	-0.85253	0.69338
GGGCUU5	-1.11871	1.20313	-0.78794	0.75171
GGGUUU5	-1.07137	1.17416	-0.81694	0.76587
GGUAUU5	-1.09019	1.18742	-0.84960	0.68100
GGCGUU5	-1.06869	1.19085	-0.78118	0.77128
GGUGUU5	-1.06722	1.19374	-0.78469	0.77560
UGAUUA5	-1.13476	1.23987	-0.85302	0.70715
UGGCUA5	-1.16184	1.25083	-0.78832	0.76578
UGGUUA5	-1.11859	1.22354	-0.81570	0.77977
UGUAUA5	-1.13430	1.22091	-0.81675	0.73663
UGCGUA5	-1.11397	1.23808	-0.78075	0.78570
UGUGUA5	-1.11374	1.24168	-0.78372	0.78932
CGAUUG5	-1.14763	1.23152	-0.83190	0.68747
CGGCUG5	-1.17541	1.24397	-0.76674	0.74577
CGGUUG5	-1.13158	1.21623	-0.79500	0.76031
CGUAUG5	-1.14931	1.21334	-0.79765	0.71481
CGCGUG5	-1.12756	1.23022	-0.76066	0.76598
CGUGUG5	-1.12686	1.23399	-0.76377	0.77009
UGAUUG5	-1.14138	1.22926	-0.83522	0.68957
UGGCUG5	-1.16972	1.24175	-0.76982	0.74770
UGGUUG5	-1.12231	1.21676	-0.79827	0.76390
UGUAUG5	-1.14343	1.21148	-0.80114	0.71706
UGCGUG5	-1.12126	1.22820	-0.76366	0.76853
UGUGUG5	-1.12282	1.23164	-0.76691	0.77179
AUAUAU5	-0.30774	1.12010	-0.27694	0.66656
AUGCAU5	-0.29586	1.10852	-0.22041	0.71308
AUGUAU5	-0.30380	1.07296	-0.20261	0.69197
AUUAAU5	-0.30180	1.18746	-0.34245	0.58878
AUCGAU5	-0.32267	1.10513	-0.24020	0.75096
AUUGAU5	-0.30564	1.07677	-0.21321	0.71900
GUAUAC5	-0.31363	1.14967	-0.28467	0.67645
GUGCAC5	-0.30197	1.13813	-0.22830	0.72278
GUGUAC5	-0.31071	1.10375	-0.21154	0.70321
GUUAAC5	-0.34249	1.16497	-0.37241	0.61509
GUCGAC5	-0.32927	1.13544	-0.24922	0.76157
GUUGAC5	-0.31281	1.10832	-0.22292	0.73009
GUAUAU5	-0.31526	1.15493	-0.28691	0.67684
GUGCAU5	-0.30206	1.14161	-0.22392	0.73401
GUGUAU5	-0.31122	1.10843	-0.20777	0.71520
GUUAAU5	-0.34340	1.17116	-0.37419	0.61570
GUCGAU5	-0.33445	1.15585	-0.30774	0.70088
GUUGAU5	-0.31194	1.11269	-0.21744	0.74024
UUAUAA5	-0.31035	1.21727	-0.28533	0.68907
UUGCAA5	-0.29951	1.20600	-0.22879	0.73544
UUGUAA5	-0.30923	1.17420	-0.21399	0.71723
UUUAAA5	-0.33827	1.23244	-0.37195	0.62536
UUCGAA5	-0.32470	1.20297	-0.24803	0.77160
UUUGAA5	-0.30840	1.17700	-0.22262	0.74136
CUAUAG5	-0.31617	1.20425	-0.30323	0.69324
CUGCAG5	-0.30517	1.19277	-0.24668	0.74013
CUGUAG5	-0.31448	1.15988	-0.23046	0.72087
CUUAAG5	-0.34438	1.22081	-0.39016	0.63186
CUCGAG5	-0.33048	1.19077	-0.26618	0.77619
CUUGAG5	-0.31401	1.16397	-0.23998	0.74510
UUAUAG5	-0.31724	1.20315	-0.30074	0.68952
UUGCAG5	-0.30605	1.19205	-0.24445	0.73659
UUGUAG5	-0.31506	1.15978	-0.22788	0.71759
UUUAAG5	-0.34562	1.22006	-0.38779	0.62846
UUCGAG5	-0.33161	1.18996	-0.26381	0.77304
UUUGAG5	-0.31508	1.16344	-0.23740	0.74187
AUAUGU5	-1.03940	1.55384	-0.39891	0.35826
AUGCGU5	-1.02523	1.54088	-0.34039	0.40517
AUGUGU5	-1.04339	1.50476	-0.35442	0.36175
AUUAGU5	-1.06124	1.54509	-0.39743	0.37705
AUCGGU5	-1.05096	1.51838	-0.33531	0.43037
AUUGGU5	-1.03315	1.49627	-0.32294	0.40868
GUAUGC5	-1.06066	1.57763	-0.37968	0.36506
GUGCGC5	-1.04688	1.56450	-0.32083	0.41315
GUGUGC5	-1.06179	1.52348	-0.31215	0.39602
GUUAGC5	-1.08275	1.57096	-0.38317	0.38056
GUCGGC5	-1.07249	1.54412	-0.31644	0.43864
GUUGGC5	-1.05488	1.52241	-0.30339	0.41725
GUAUGU5	-1.05028	1.56728	-0.36404	0.33923
GUGCGU5	-1.03697	1.55446	-0.30549	0.38722
GUGUGU5	-1.05119	1.51380	-0.29501	0.36911
GUUAGU5	-1.07122	1.56172	-0.36666	0.35566
GUCGGU5	-1.06080	1.53437	-0.30067	0.41286
GUUGGU5	-1.04342	1.51280	-0.28711	0.39086
UUAUGA5	-1.03547	1.64280	-0.34150	0.34823
UUGCGA5	-1.02213	1.63065	-0.28125	0.39798
UUGUGA5	-1.03740	1.59188	-0.27295	0.38094
UUUAGA5	-1.05493	1.63469	-0.34005	0.36360
UUCGGA5	-1.04417	1.60839	-0.27538	0.41954
UUUGGA5	-1.02657	1.58754	-0.26285	0.39948
CUAUGG5	-1.03526	1.61791	-0.35606	0.33559
CUGCGG5	-1.02195	1.60567	-0.29590	0.38382
CUGUGG5	-1.03656	1.56607	-0.28625	0.36635
CUUAGG5	-1.05538	1.61035	-0.35459	0.35346
CUCGGG5	-1.04514	1.58383	-0.29063	0.40878
CUUGGG5	-1.02732	1.56303	-0.27767	0.38779
UUAUGG5	-1.03173	1.60847	-0.34666	0.32182
UUGCGG5	-1.01853	1.59560	-0.28601	0.37087
UUGUGG5	-1.03313	1.55672	-0.27640	0.35265
UUUAGG5	-1.05242	1.60192	-0.34778	0.33629
UUCGGG5	-1.04143	1.57435	-0.28112	0.39482
UUUGGG5	-1.02363	1.55376	-0.26802	0.37389
ACAUGU5	-1.04834	1.60366	-0.47665	0.45838
ACGCGU5	-1.03345	1.58921	-0.41736	0.50610
ACGUGU5	-1.04799	1.54688	-0.41167	0.49226
ACUAGU5	-1.07028	1.59294	-0.47701	0.47561
ACCGGU5	-1.06009	1.56640	-0.41366	0.53080
ACUGGU5	-1.04192	1.54427	-0.40423	0.51450
GCAUGC5	-1.06681	1.62219	-0.46011	0.46708
GCGCGC5	-1.05193	1.60820	-0.40080	0.51551
GCGUGC5	-1.06740	1.56722	-0.39583	0.50252
GCUAGC5	-1.08898	1.61260	-0.46071	0.48663
GCCGGC5	-1.07940	1.58739	-0.39840	0.54156
GCUGGC5	-1.06147	1.56641	-0.38827	0.52380
GCAUGU5	-1.06106	1.61949	-0.44789	0.44731
GCGCGU5	-1.04700	1.60556	-0.38876	0.49573
GCGUGU5	-1.06181	1.56491	-0.38210	0.48140
GCUAGU5	-1.08252	1.61192	-0.45060	0.46330
GCCGGU5	-1.07247	1.58532	-0.38527	0.52141
GCUGGU5	-1.05504	1.56430	-0.37489	0.50330
UCAUGA5	-1.04782	1.69564	-0.41761	0.45128
UCGCGA5	-1.03421	1.68325	-0.35798	0.50120
UCGUGA5	-1.04960	1.64405	-0.35368	0.48791
UCUAGA5	-1.06765	1.68519	-0.41694	0.46620
UCCGGA5	-1.05718	1.65959	-0.35268	0.52282
UCUGGA5	-1.04008	1.63991	-0.34385	0.50642
CCAUGG5	-1.05030	1.67505	-0.43357	0.44004
CCGCGG5	-1.03618	1.66074	-0.37352	0.48903
CCGUGG5	-1.05116	1.62194	-0.36690	0.47609
CCUAGG5	-1.07054	1.66473	-0.43249	0.45622
CCCGGG5	-1.06070	1.63916	-0.36907	0.51291
CCUGGG5	-1.04302	1.61918	-0.35949	0.49587
UCAUGG5	-1.04824	1.66767	-0.42583	0.42981
UCGCGG5	-1.03449	1.65435	-0.36566	0.47971
UCGUGG5	-1.04953	1.61530	-0.35986	0.46493
UCUAGG5	-1.06898	1.65835	-0.42572	0.44585
UCCGGG5	-1.05902	1.63247	-0.36142	0.50289
UCUGGG5	-1.04145	1.61252	-0.35156	0.48603
AAAUUU2	-0.34579	1.22470	-0.37528	0.61158
AAGCUU2	-0.34205	1.22825	-0.36002	0.59774
AAGUUU2	-0.34360	1.22890	-0.35716	0.59320
AAUAUU2	-0.33799	1.18418	-0.35563	0.59298
AACGUU2	-0.33672	1.18392	-0.35768	0.59184
AAUGUU2	-0.33769	1.18386	-0.34832	0.58218
GAAUUC2	-0.34408	1.22096	-0.38182	0.61701
GAGCUC2	-0.33958	1.22474	-0.36543	0.60190
GAGUUC2	-0.34123	1.22410	-0.36188	0.59640
GAUAUC2	-0.33614	1.18088	-0.36191	0.59821
GACGUC2	-0.33528	1.18007	-0.36372	0.59672
GAUGUC2	-0.33588	1.18028	-0.35419	0.58685
GAAUUU2	-0.32833	1.19899	-0.37743	0.60320
GAGCUU2	-0.32368	1.20108	-0.35995	0.58592
GAGUUU2	-0.32534	1.20141	-0.35621	0.58083
GAUAUU2	-0.32031	1.15822	-0.35742	0.58366
GACGUU2	-0.31895	1.15713	-0.35866	0.58172
GAUGUU2	-0.32010	1.15725	-0.34881	0.57151
UAAUUA2	-0.32224	1.23117	-0.37817	0.61246
UAGCUA2	-0.31811	1.23457	-0.36171	0.59714
UAGUUA2	-0.31970	1.23458	-0.35826	0.59185
UAUAUA2	-0.31395	1.19053	-0.35817	0.59307
UACGUA2	-0.31266	1.19057	-0.35990	0.59189
UAUGUA2	-0.31397	1.18975	-0.35029	0.58162
CAAUUG2	-0.32164	1.22011	-0.36836	0.59587
CAGCUG2	-0.31754	1.22323	-0.35145	0.58012
CAGUUG2	-0.31907	1.22299	-0.34824	0.57509
CAUAUG2	-0.31337	1.17957	-0.34844	0.57662
CACGUG2	-0.31179	1.17931	-0.34977	0.57473
CAUGUG2	-0.31353	1.17913	-0.34036	0.56496
UAAUUG2	-0.33664	1.18788	-0.37152	0.59078
UAGCUG2	-0.33201	1.18975	-0.35301	0.57276
UAGUUG2	-0.33377	1.19067	-0.34933	0.56772
UAUAUG2	-0.32784	1.14682	-0.35140	0.57109
UACGUG2	-0.32606	1.14595	-0.35286	0.56933
UAUGUG2	-0.32768	1.14555	-0.34235	0.55838
AGAUCU2	-1.07672	1.61703	-0.25322	0.67574
AGGCCU2	-1.07479	1.62664	-0.24860	0.66961
AGGUCU2	-1.07333	1.62143	-0.24278	0.66109
AGUACU2	-1.08155	1.59668	-0.26653	0.68754
AGCGCU2	-1.08625	1.60076	-0.27618	0.69842
AGUGCU2	-1.07531	1.58828	-0.25982	0.67484
GGAUCC2	-1.06478	1.59660	-0.24588	0.65971
GGGCCC2	-1.06227	1.60546	-0.24010	0.65335
GGGUCC2	-1.06064	1.60006	-0.23383	0.64446
GGUACC2	-1.06942	1.57644	-0.25851	0.67143
GGCGCC2	-1.07311	1.57887	-0.26744	0.68168
GGUGCC2	-1.06268	1.56834	-0.25139	0.65906
GGAUCU2	-1.04597	1.57845	-0.24666	0.65252
GGGCCU2	-1.04328	1.58726	-0.24082	0.64511
GGGUCU2	-1.04176	1.58230	-0.23446	0.63624
GGUACU2	-1.05047	1.55785	-0.25927	0.66312
GGCGCU2	-1.05478	1.56118	-0.26827	0.67381
GGUGCU2	-1.04379	1.54911	-0.25126	0.64971
UGAUCA2	-1.04151	1.61693	-0.24643	0.66089
UGGCCA2	-1.03928	1.62765	-0.24149	0.65505
UGGUCA2	-1.03787	1.62226	-0.23538	0.64632
UGUACA2	-1.04525	1.59529	-0.25813	0.67052
UGCGCA2	-1.04933	1.59904	-0.26674	0.68066
UGUGCA2	-1.03881	1.58693	-0.25105	0.65801
CGAUCG2	-1.03979	1.61291	-0.24052	0.65459
CGGCCG2	-1.03766	1.62285	-0.23476	0.64760
CGGUCG2	-1.03617	1.61776	-0.22872	0.63893
CGUACG2	-1.04364	1.59081	-0.25221	0.66389
CGCGCG2	-1.04736	1.59441	-0.26043	0.67325
CGUGCG2	-1.03743	1.58246	-0.24500	0.65096
UGAUCG2	-1.05238	1.57482	-0.24019	0.64285
UGGCCG2	-1.04948	1.58501	-0.23346	0.63575
UGGUCG2	-1.04854	1.57934	-0.22754	0.62603
UGUACG2	-1.05558	1.55257	-0.25153	0.65170
UGCGCG2	-1.05901	1.55589	-0.25975	0.66132
UGUGCG2	-1.04900	1.54389	-0.24334	0.63828
AGAUUU2	-1.06463	1.56928	-0.18030	0.57814
AGGCUU2	-1.06091	1.57536	-0.17439	0.57008
AGGUUU2	-1.05727	1.56742	-0.16687	0.55854
AGUAUU2	-1.07307	1.55340	-0.19077	0.58905
AGCGUU2	-1.07787	1.55741	-0.19849	0.59858
AGUGUU2	-1.06261	1.53833	-0.18074	0.57098
GGAUUC2	-1.05155	1.54626	-0.17164	0.56109
GGGCUC2	-1.04712	1.55167	-0.16466	0.55213
GGGUUC2	-1.04358	1.54364	-0.15691	0.54049
GGUAUC2	-1.05979	1.53025	-0.18174	0.57211
GGCGUC2	-1.06476	1.53518	-0.18880	0.58142
GGUGUC2	-1.04896	1.51537	-0.17080	0.55322
GGAUUU2	-1.03278	1.52650	-0.16821	0.54792
GGGCUU2	-1.02801	1.53215	-0.16088	0.53862
GGGUUU2	-1.02485	1.52387	-0.15279	0.52674
GGUAUU2	-1.04076	1.51056	-0.17810	0.55852
GGCGUU2	-1.04562	1.51511	-0.18512	0.56746
GGUGUU2	-1.03011	1.49556	-0.16674	0.53935
UGAUUA2	-1.02714	1.56245	-0.17063	0.55823
UGGCUA2	-1.02280	1.56942	-0.16439	0.55004
UGGUUA2	-1.01907	1.56081	-0.15665	0.53810
UGUAUA2	-1.03450	1.54568	-0.17995	0.56778
UGCGUA2	-1.03909	1.54997	-0.18743	0.57680
UGUGUA2	-1.02410	1.53086	-0.16937	0.54941
CGAUUG2	-1.02670	1.55987	-0.16565	0.55228
CGGCUG2	-1.02266	1.56644	-0.15895	0.54314
CGGUUG2	-1.01909	1.55828	-0.15104	0.53168
CGUAUG2	-1.03394	1.54287	-0.17487	0.56142
CGCGUG2	-1.03796	1.54789	-0.18169	0.57010
CGUGUG2	-1.02375	1.52769	-0.16440	0.54283
UGAUUG2	-1.03815	1.52131	-0.16104	0.53631
UGGCUG2	-1.03378	1.52790	-0.15334	0.52663
UGGUUG2	-1.03057	1.51931	-0.14558	0.51519
UGUAUG2	-1.04532	1.50379	-0.17002	0.54543
UGCGUG2	-1.04939	1.50753	-0.17710	0.55404
UGUGUG2	-1.03294	1.48534	-0.16184	0.52268
AUAUAU2	-1.37431	1.16250	-0.35884	0.69698
AUGCAU2	-1.37680	1.16371	-0.35177	0.68437
AUGUAU2	-1.37561	1.15936	-0.34634	0.67646
AUUAAU2	-1.37626	1.12729	-0.33717	0.67317
AUCGAU2	-1.36786	1.13425	-0.32547	0.66478
AUUGAU2	-1.36375	1.12853	-0.32351	0.65238
GUAUAC2	-1.37636	1.16647	-0.35507	0.69333
GUGCAC2	-1.37867	1.16706	-0.34749	0.68019
GUGUAC2	-1.37726	1.16265	-0.34217	0.67228
GUUAAC2	-1.36823	1.14082	-0.32923	0.66203
GUCGAC2	-1.37060	1.13886	-0.32184	0.66138
GUUGAC2	-1.36577	1.13245	-0.31923	0.64820
GUAUAU2	-1.37327	1.16455	-0.35492	0.69003
GUGCAU2	-1.37499	1.16461	-0.34703	0.67637
GUGUAU2	-1.37361	1.15995	-0.34130	0.66798
GUUAAU2	-1.36504	1.13879	-0.32858	0.65815
GUCGAU2	-1.36725	1.13671	-0.32103	0.65727
GUUGAU2	-1.36212	1.12970	-0.31822	0.64383
UUAUAA2	-1.39266	1.15737	-0.36261	0.69865
UUGCAA2	-1.39473	1.15873	-0.35558	0.68642
UUGUAA2	-1.39307	1.15435	-0.35012	0.67844
UUUAAA2	-1.38442	1.13093	-0.33700	0.66752
UUCGAA2	-1.38663	1.12847	-0.32853	0.66583
UUUGAA2	-1.38174	1.12287	-0.32696	0.65407
CUAUAG2	-1.39064	1.17412	-0.37550	0.71320
CUGCAG2	-1.39299	1.17516	-0.36855	0.70062
CUGUAG2	-1.39161	1.17197	-0.36327	0.69309
CUUAAG2	-1.38236	1.14796	-0.35012	0.68232
CUCGAG2	-1.38481	1.14553	-0.34194	0.68066
CUUGAG2	-1.37979	1.13987	-0.34028	0.66875
UUAUAG2	-1.38345	1.14409	-0.36053	0.68898
UUGCAG2	-1.38552	1.14479	-0.35303	0.67591
UUGUAG2	-1.38408	1.14004	-0.34751	0.66779
UUUAAG2	-1.37444	1.11652	-0.33358	0.65622
UUCGAG2	-1.37684	1.11433	-0.32541	0.65448
UUUGAG2	-1.37176	1.10822	-0.32348	0.64221
AUAUGU2	-1.40155	1.13688	-0.29298	0.61094
AUGCGU2	-1.40239	1.13529	-0.28406	0.59608
AUGUGU2	-1.40036	1.12968	-0.27815	0.58716
AUUAGU2	-1.39096	1.10765	-0.26415	0.57613
AUCGGU2	-1.39342	1.10763	-0.25964	0.57815
AUUGGU2	-1.38750	1.09815	-0.25409	0.56137
GUAUGC2	-1.40064	1.13594	-0.28635	0.60263
GUGCGC2	-1.40110	1.13416	-0.27723	0.58738
GUGUGC2	-1.39904	1.12852	-0.27115	0.57894
GUUAGC2	-1.39026	1.10728	-0.25748	0.56775
GUCGGC2	-1.39321	1.10762	-0.25319	0.57015
GUUGGC2	-1.38654	1.09702	-0.24695	0.55269
GUAUGU2	-1.39794	1.13550	-0.28689	0.60028
GUGCGU2	-1.39817	1.13354	-0.27777	0.58489
GUGUGU2	-1.39622	1.12764	-0.27180	0.57613
GUUAGU2	-1.38730	1.10654	-0.25748	0.56475
GUCGGU2	-1.39039	1.10736	-0.25342	0.56754
GUUGGU2	-1.38362	1.09664	-0.24728	0.55013
UUAUGA2	-1.41627	1.12927	-0.29471	0.61026
UUGCGA2	-1.41684	1.12750	-0.28589	0.59543
UUGUGA2	-1.41482	1.12242	-0.28026	0.58711
UUUAGA2	-1.40565	1.09921	-0.26565	0.57509
UUCGGA2	-1.40821	1.09874	-0.26032	0.57646
UUUGGA2	-1.40182	1.08879	-0.25539	0.56020
CUAUGG2	-1.41571	1.14785	-0.30921	0.62712
CUGCGG2	-1.41644	1.14649	-0.30036	0.61252
CUGUGG2	-1.41441	1.14141	-0.29503	0.60435
CUUAGG2	-1.40520	1.11816	-0.28061	0.59238
CUCGGG2	-1.40807	1.11776	-0.27584	0.59397
CUUGGG2	-1.40143	1.10818	-0.27059	0.57809
UUAUGG2	-1.40837	1.11700	-0.29209	0.60024
UUGCGG2	-1.40849	1.11505	-0.28285	0.58497
UUGUGG2	-1.40664	1.10992	-0.27718	0.57662
UUUAGG2	-1.39686	1.08624	-0.26193	0.56369
UUCGGG2	-1.39948	1.08589	-0.25713	0.56517
UUUGGG2	-1.39303	1.07615	-0.25164	0.54902
ACAUGU2	-1.20221	0.97192	-0.23872	0.49809
ACGCGU2	-1.20590	0.97599	-0.23510	0.48855
ACGUGU2	-1.20670	0.97543	-0.23292	0.48508
ACUAGU2	-1.19485	0.94681	-0.21660	0.46958
ACCGGU2	-1.19383	0.93700	-0.20248	0.46073
ACUGGU2	-1.19496	0.94288	-0.21137	0.46144
GCAUGC2	-1.20441	0.97835	-0.23809	0.49856
GCGCGC2	-1.20766	0.98175	-0.23418	0.48839
GCGUGC2	-1.20817	0.98085	-0.23172	0.48467
GCUAGC2	-1.19701	0.95274	-0.21542	0.46949
GCCGGC2	-1.19627	0.94336	-0.20174	0.46067
GCUGGC2	-1.19689	0.94960	-0.21010	0.46119
GCAUGU2	-1.19745	0.97467	-0.23848	0.49461
GCGCGU2	-1.20046	0.97778	-0.23426	0.48416
GCGUGU2	-1.20090	0.97637	-0.23165	0.48025
GCUAGU2	-1.19005	0.94890	-0.21534	0.46501
GCCGGU2	-1.18954	0.93990	-0.20181	0.45644
GCUGGU2	-1.18970	0.94528	-0.20990	0.45648
UCAUGA2	-1.23012	0.97442	-0.26232	0.51752
UCGCGA2	-1.23322	0.97808	-0.25816	0.50716
UCGUGA2	-1.23372	0.97773	-0.25613	0.50408
UCUAGA2	-1.22296	0.94878	-0.24042	0.48923
UCCGGA2	-1.22236	0.93883	-0.22673	0.47977
UCUGGA2	-1.22260	0.94538	-0.23531	0.48120
CCAUGG2	-1.23089	0.99246	-0.28449	0.53883
CCGCGG2	-1.23466	0.99697	-0.28129	0.52968
CCGUGG2	-1.23476	0.99645	-0.27913	0.52659
CCUAGG2	-1.22369	0.96722	-0.26366	0.51172
CCCGGG2	-1.22314	0.95766	-0.24938	0.50259
CCUGGG2	-1.22362	0.96456	-0.25865	0.50466
UCAUGG2	-1.21211	0.95330	-0.25388	0.49910
UCGCGG2	-1.21495	0.95658	-0.24926	0.48834
UCGUGG2	-1.21524	0.95584	-0.24688	0.48465
UCUAGG2	-1.20419	0.92695	-0.23089	0.46955
UCCGGG2	-1.20398	0.91791	-0.21732	0.46077
UCUGGG2	-1.20375	0.92322	-0.22527	0.46104
AAAxxx2	-0.24327	1.11403	-0.33646	0.55768
AAGxxx2	-0.24198	1.11741	-0.31505	0.53171
AACxxx2	-0.22994	1.07171	-0.32448	0.54554
AAUxxx2	-0.23318	1.07205	-0.31242	0.52760
GAAxxx2	-0.21822	1.07643	-0.33537	0.53864
GAGxxx2	-0.21607	1.07814	-0.31089	0.50929
GACxxx2	-0.20450	1.03345	-0.32321	0.52613
GAUxxx2	-0.20780	1.03353	-0.31027	0.50751
UAAxxx2	-0.23292	1.08626	-0.33279	0.54089
UAGxxx2	-0.23058	1.08836	-0.30855	0.51190
UACxxx2	-0.21908	1.04299	-0.32060	0.52804
UAUxxx2	-0.22245	1.04349	-0.30860	0.51050
CAAxxx2	-0.21907	1.13049	-0.32957	0.55293
CAGxxx2	-0.21724	1.13363	-0.30755	0.52635
CACxxx2	-0.20578	1.08802	-0.31707	0.54021
CAUxxx2	-0.20933	1.08871	-0.30624	0.52344
AGAxxx2	-1.05860	1.56360	-0.20114	0.60047
AGGxxx2	-1.05324	1.56323	-0.18650	0.58036
AGCxxx2	-1.07215	1.55324	-0.22601	0.62840
AGUxxx2	-1.06003	1.53672	-0.20641	0.60004
GGAxxx2	-1.01895	1.51151	-0.18722	0.56427
GGGxxx2	-1.01235	1.50998	-0.17049	0.54193
GGCxxx2	-1.03203	1.50061	-0.21080	0.59095
GGUxxx2	-1.01947	1.48394	-0.19053	0.56189
UGAxxx2	-1.03042	1.51748	-0.17718	0.55832
UGGxxx2	-1.02349	1.51594	-0.16004	0.53566
UGCxxx2	-1.04245	1.50557	-0.19985	0.58359
UGUxxx2	-1.03055	1.48990	-0.18084	0.55609
CGAxxx2	-1.02095	1.56745	-0.18414	0.58028
CGGxxx2	-1.01445	1.56637	-0.16837	0.55896
CGCxxx2	-1.03339	1.55664	-0.20677	0.60550
CGUxxx2	-1.02184	1.54082	-0.18897	0.57919
ACAxxx2	-1.07279	0.85512	-0.22412	0.46737
ACGxxx2	-1.07897	0.86268	-0.22218	0.45961
ACCxxx2	-1.06373	0.81867	-0.18913	0.43156
ACUxxx2	-1.06776	0.83128	-0.20327	0.43878
GCAxxx2	-1.06854	0.85973	-0.22688	0.46517
GCGxxx2	-1.07370	0.86582	-0.22359	0.45574
GCCxxx2	-1.06026	0.82388	-0.19157	0.42897
GCUxxx2	-1.06307	0.83480	-0.20442	0.43469
UCAxxx2	-1.09206	0.85303	-0.24995	0.48372
UCGxxx2	-1.09723	0.85990	-0.24695	0.47488
UCCxxx2	-1.08384	0.81641	-0.21540	0.44784
UCUxxx2	-1.08673	0.82847	-0.22887	0.45477
CCAxxx2	-1.11606	0.89724	-0.27969	0.52429
CCGxxx2	-1.12195	0.90544	-0.27857	0.51782
CCCxxx2	-1.10751	0.85999	-0.24558	0.48866
CCUxxx2	-1.06615	0.89662	-0.08469	0.64690
AUAxxx2	-1.35585	1.11001	-0.32165	0.63969
AUGxxx2	-1.35435	1.10287	-0.30629	0.61498
AUCxxx2	-1.35382	1.09049	-0.29353	0.61627
AUUxxx2	-1.34780	1.08047	-0.28851	0.59910
GUAxxx2	-1.35315	1.10819	-0.31324	0.62556
GUGxxx2	-1.35073	1.09978	-0.29691	0.59959
GUCxxx2	-1.35156	1.08918	-0.28459	0.60159
GUUxxx2	-1.34453	1.07774	-0.27869	0.58328
UUAxxx2	-1.36554	1.09899	-0.32582	0.63745
UUGxxx2	-1.36323	1.09136	-0.30995	0.61224
UUCxxx2	-1.36357	1.07799	-0.29662	0.61238
UUUxxx2	-1.35693	1.06806	-0.29175	0.59565
CUAxxx2	-1.37764	1.13714	-0.34525	0.66908
CUGxxx2	-1.37586	1.13028	-0.33036	0.64508
CUCxxx2	-1.37637	1.11670	-0.31724	0.64543
CUUxxx2	-1.37003	1.10743	-0.31311	0.62956
AAxUUU5	-1.35294	1.16819	-0.31158	0.73119
AAxCUU5	-1.38590	1.19112	-0.30757	0.91331
AAxAUU5	-1.33453	1.17324	-0.38573	0.64256
AAxGUU5	-1.34222	1.14070	-0.20420	0.81139
GAxUUC5	-1.35903	1.15965	-0.28359	0.71995
GAxCUC5	-1.38987	1.18199	-0.27803	0.89978
GAxAUC5	-1.33959	1.16391	-0.35987	0.62872
GAxGUC5	-1.34820	1.13317	-0.17635	0.80356
GAxUUU5	-1.35787	1.15640	-0.28353	0.71359
GAxCUU5	-1.38807	1.17773	-0.27855	0.89321
GAxAUU5	-1.33827	1.15911	-0.35947	0.62061
GAxGUU5	-1.34684	1.12715	-0.17498	0.79255
UAxUUA5	-1.38602	1.18826	-0.29185	0.73264
UAxCUA5	-1.41488	1.20832	-0.28365	0.91089
UAxAUA5	-1.36562	1.19019	-0.36495	0.63971
UAxGUA5	-1.37533	1.15808	-0.18296	0.81217
CAxUUG5	-1.37620	1.18926	-0.30830	0.74247
CAxCUG5	-1.40544	1.21083	-0.30149	0.92307
CAxAUG5	-1.35654	1.19185	-0.38340	0.64952
CAxGUG5	-1.36676	1.15921	-0.19951	0.82192
UAxUUG5	-1.37487	1.18651	-0.30509	0.73751
UAxCUG5	-1.40451	1.20886	-0.29922	0.91827
UAxAUG5	-1.35562	1.18914	-0.38048	0.64473
UAxGUG5	-1.36581	1.15675	-0.19636	0.81739
AGxUCU5	-1.19572	1.01164	-0.45641	0.30900
AGxCCU5	-1.22678	1.05808	-0.46367	0.43526
AGxACU5	-1.17157	1.00360	-0.43909	0.27784
AGxGCU5	-1.15408	1.00046	-0.35202	0.35053
GGxUCC5	-1.20098	0.97455	-0.38626	0.25320
GGxCCC5	-1.23170	1.01872	-0.39273	0.38042
GGxACC5	-1.17575	0.96493	-0.36633	0.22421
GGxGCC5	-1.16059	0.96454	-0.28126	0.29782
GGxUCU5	-1.20786	0.99088	-0.41231	0.26917
GGxCCU5	-1.23767	1.03632	-0.41850	0.39554
GGxACU5	-1.18355	0.98073	-0.39260	0.23918
GGxGCU5	-1.16672	0.97721	-0.30458	0.30869
UGxUCA5	-1.25132	1.03011	-0.40295	0.28783
UGxCCA5	-1.27899	1.07357	-0.40538	0.41046
UGxACA5	-1.22634	1.01996	-0.38324	0.25817
UGxGCA5	-1.21050	1.01859	-0.29806	0.33113
CGxUCG5	-1.22426	1.02916	-0.43828	0.30078
CGxCCG5	-1.25234	1.07491	-0.44080	0.42478
CGxACG5	-1.20030	1.01916	-0.42009	0.26970
CGxGCG5	-1.18382	1.01639	-0.33180	0.34175
UGxUCG5	-1.22395	1.02811	-0.43571	0.29599
UGxCCG5	-1.25230	1.07353	-0.43876	0.42118
UGxACG5	-1.20016	1.01791	-0.41723	0.26559
UGxGCG5	-1.18394	1.01522	-0.32858	0.33755
AGxUUU5	-1.13922	1.19339	-0.80773	0.65892
AGxCUU5	-1.19992	1.21939	-0.72411	0.70648
AGxAUU5	-1.15117	1.18449	-0.76890	0.68314
AGxGUU5	-1.12532	1.20086	-0.73439	0.73881
GGxUUC5	-1.06495	1.18535	-0.85688	0.69370
GGxCUC5	-1.12426	1.21038	-0.77362	0.74169
GGxAUC5	-1.07502	1.18644	-0.84704	0.68128
GGxGUC5	-1.05219	1.19299	-0.78520	0.77346
GGxUUU5	-1.08171	1.18701	-0.85607	0.69513
GGxCUU5	-1.14006	1.21229	-0.77210	0.74320
GGxAUU5	-1.09270	1.18824	-0.84804	0.68099
GGxGUU5	-1.06740	1.19325	-0.78413	0.77578
UGxUUA5	-1.12797	1.23498	-0.85590	0.70893
UGxCUA5	-1.18082	1.25888	-0.77295	0.75745
UGxAUA5	-1.13653	1.22124	-0.81515	0.73584
UGxGUA5	-1.11399	1.24077	-0.78333	0.78947
CGxUUG5	-1.14100	1.22658	-0.83496	0.68882
CGxCUG5	-1.19513	1.25188	-0.75124	0.73671
CGxAUG5	-1.15167	1.21412	-0.79592	0.71454
CGxGUG5	-1.12698	1.23284	-0.76274	0.77022
UGxUUG5	-1.13402	1.22472	-0.83766	0.69209
UGxCUG5	-1.17568	1.28126	-0.80149	0.72785
UGxAUG5	-1.14546	1.21194	-0.79960	0.71643
UGxGUG5	-1.11994	1.23056	-0.76633	0.77219
AUxUAU5	-0.30454	1.09963	-0.27291	0.66415
AUxCAU5	-0.28801	1.13092	-0.24055	0.73686
AUxAAU5	-0.32986	1.13788	-0.38432	0.61915
AUxGAU5	-0.29422	1.07185	-0.22753	0.72732
GUxUAC5	-0.31101	1.12891	-0.28105	0.67443
GUxCAC5	-0.29362	1.15852	-0.24776	0.74508
GUxAAC5	-0.33571	1.16717	-0.39102	0.63018
GUxGAC5	-0.30156	1.10363	-0.23717	0.73903
GUxUAU5	-0.31287	1.13612	-0.28447	0.67615
GUxCAU5	-0.29329	1.16362	-0.24432	0.75764
GUxAAU5	-0.33627	1.17326	-0.39311	0.63017
GUxGAU5	-0.30095	1.10810	-0.23173	0.74923
UUxUAA5	-0.30753	1.19745	-0.28133	0.68628
UUxCAA5	-0.28993	1.22457	-0.24682	0.75613
UUxAAA5	-0.33176	1.23423	-0.39030	0.63987
UUxGAA5	-0.29718	1.17252	-0.23697	0.75104
CUxUAG5	-0.31410	1.18650	-0.30049	0.69321
CUxCAG5	-0.29649	1.21432	-0.26676	0.76316
CUxAAG5	-0.33816	1.22268	-0.40913	0.64699
CUxGAG5	-0.30337	1.15982	-0.25504	0.75442
UUxUAG5	-0.31512	1.18573	-0.29830	0.68956
UUxCAG5	-0.29765	1.21376	-0.26472	0.76004
UUxAAG5	-0.33899	1.22263	-0.40708	0.64367
UUxGAG5	-0.30434	1.16030	-0.25252	0.75175
AUxUGU5	-1.03513	1.51672	-0.39018	0.34272
AUxCGU5	-1.01503	1.55676	-0.34714	0.41755
AUxAGU5	-1.05303	1.55060	-0.41393	0.39038
AUxGGU5	-1.01896	1.49265	-0.33629	0.41642
GUxUGC5	-1.05680	1.54065	-0.36927	0.34946
GUxCGC5	-1.03685	1.58083	-0.32767	0.42527
GUxAGC5	-1.07516	1.57629	-0.39723	0.39597
GUxGGC5	-1.04144	1.51998	-0.31674	0.42490
GUxUGU5	-1.04681	1.53235	-0.35529	0.32496
GUxCGU5	-1.02687	1.57150	-0.31418	0.40158
GUxAGU5	-1.06423	1.56803	-0.38261	0.36996
GUxGGU5	-1.03020	1.51052	-0.30015	0.39880
UUxUGA5	-1.03112	1.60594	-0.33108	0.33340
UUxCGA5	-1.01036	1.64336	-0.28706	0.40790
UUxAGA5	-1.04793	1.63958	-0.35524	0.37828
UUxGGA5	-1.01311	1.58483	-0.27599	0.40711
CUxUGG5	-1.03174	1.58248	-0.34630	0.32121
CUxCGG5	-1.01121	1.61951	-0.30245	0.39665
CUxAGG5	-1.04893	1.61632	-0.37272	0.36535
CUxGGG5	-1.01413	1.56080	-0.29067	0.39582
UUxUGG5	-1.02803	1.57320	-0.33678	0.30796
UUxCGG5	-1.00787	1.61046	-0.29335	0.38398
UUxAGG5	-1.04558	1.60748	-0.36275	0.35223
UUxGGG5	-1.01071	1.55142	-0.28151	0.38192
ACxUGU5	-1.04362	1.56576	-0.46773	0.44429
ACxCGU5	-1.02392	1.60497	-0.42213	0.51505
ACxAGU5	-1.06257	1.59914	-0.49384	0.48966
ACxGGU5	-1.02742	1.54179	-0.41861	0.52287
GCxUGC5	-1.06245	1.58525	-0.45096	0.45303
GCxCGC5	-1.04255	1.62491	-0.40508	0.52433
GCxAGC5	-1.08177	1.61963	-0.47737	0.50068
GCxGGC5	-1.04788	1.56407	-0.40209	0.53230
GCxUGU5	-1.05774	1.58454	-0.43961	0.43461
GCxCGU5	-1.03764	1.62306	-0.39452	0.50626
GCxAGU5	-1.07565	1.61868	-0.46621	0.47906
GCxGGU5	-1.04146	1.56267	-0.38800	0.51166
UCxUGA5	-1.04358	1.65854	-0.40850	0.43725
UCxCGA5	-1.02236	1.69501	-0.36010	0.50700
UCxAGA5	-1.06013	1.69080	-0.43160	0.48119
UCxGGA5	-1.02653	1.63661	-0.35739	0.51449
CCxUGG5	-1.04644	1.63955	-0.42477	0.42669
CCxCGG5	-1.02541	1.67520	-0.37608	0.49760
CCxAGG5	-1.06413	1.67146	-0.45028	0.46962
CCxGGG5	-1.02997	1.61630	-0.37320	0.50496
UCxUGG5	-1.04473	1.63236	-0.41703	0.41646
UCxCGG5	-1.02398	1.66896	-0.36928	0.48754
UCxAGG5	-1.06227	1.66498	-0.44218	0.46034
UCxGGG5	-1.02822	1.60986	-0.36527	0.49431
xAAUUU5	-1.35197	1.17195	-0.32102	0.73991
xAGCUU5	-1.39108	1.17511	-0.27966	0.88413
xAGUUU5	-1.38273	1.13271	-0.23579	0.83633
xAUAUU5	-1.33595	1.17081	-0.38070	0.63676
xACGUU5	-1.34501	1.14030	-0.20068	0.81179
xAUGUU5	-1.34563	1.14103	-0.19886	0.80722
xAAUUC5	-1.36181	1.17150	-0.30022	0.73942
xAGCUC5	-1.39934	1.17189	-0.25680	0.88202
xAGUUC5	-1.39193	1.13060	-0.21436	0.83557
xAUAUC5	-1.34479	1.16950	-0.36249	0.63429
xACGUC5	-1.35345	1.13956	-0.18033	0.81376
xAUGUC5	-1.35472	1.14077	-0.17894	0.80961
xAAUUA5	-1.38668	1.19559	-0.30563	0.74768
xAGCUA5	-1.42311	1.19552	-0.26092	0.88806
xAGUUA5	-1.41599	1.15534	-0.21857	0.84359
xAUAUA5	-1.36948	1.19246	-0.36520	0.64188
xACGUA5	-1.37870	1.16175	-0.18393	0.81923
xAUGUA5	-1.38045	1.16337	-0.18326	0.81597
xAAUUG5	-1.37506	1.19347	-0.31890	0.75248
xAGCUG5	-1.41231	1.19507	-0.27579	0.89560
xAGUUG5	-1.40553	1.15508	-0.23296	0.84924
xAUAUG5	-1.35891	1.19105	-0.38012	0.64627
xACGUG5	-1.36878	1.15948	-0.19735	0.82374
xAUGUG5	-1.37018	1.16125	-0.19614	0.81967
xGAUCU5	-1.19820	1.01617	-0.45681	0.30625
xGGCCU5	-1.20980	1.02839	-0.43373	0.39521
xGGUCU5	-1.18634	0.97647	-0.38266	0.33383
xGUACU5	-1.16920	0.99600	-0.42792	0.26579
xGCGCU5	-1.16245	1.00164	-0.34359	0.34560
xGUGCU5	-1.15566	0.99788	-0.34223	0.33929
xGAUCC5	-1.20891	0.98814	-0.39520	0.26850
xGGCCC5	-1.21980	0.99881	-0.37177	0.35511
xGGUCC5	-1.19824	0.94936	-0.32326	0.29758
xGUACC5	-1.17766	0.96761	-0.36506	0.22942
xGCGCC5	-1.17380	0.97111	-0.28617	0.30860
xGUGCC5	-1.16701	0.97247	-0.28346	0.30482
xGAUCA5	-1.25865	1.04182	-0.41119	0.29937
xGGCCA5	-1.26821	1.05222	-0.38475	0.38525
xGGUCA5	-1.24734	1.00398	-0.33879	0.32966
xGUACA5	-1.22868	1.02092	-0.38382	0.26009
xGCGCA5	-1.22196	1.02652	-0.29997	0.34120
xGUGCA5	-1.21651	1.02461	-0.29922	0.33638
xGAUCG5	-1.23055	1.03955	-0.44315	0.30678
xGGCCG5	-1.24010	1.05118	-0.41770	0.39401
xGGUCG5	-1.21872	1.00106	-0.36893	0.33516
xGUACG5	-1.20230	1.01878	-0.41651	0.26722
xGCGCG5	-1.19479	1.02330	-0.33040	0.34656
xGUGCG5	-1.18961	1.02108	-0.32959	0.34132
xGAUUU5	-1.13178	1.19240	-0.81002	0.65987
xGGCUU5	-1.16321	1.20487	-0.74519	0.71843
xGGUUU5	-1.11393	1.17583	-0.77403	0.73275
xGUAUU5	-1.13318	1.17750	-0.77735	0.68637
xGCGUU5	-1.11132	1.19299	-0.73846	0.73857
xGUGUU5	-1.10984	1.19613	-0.74175	0.74234
xGAUUC5	-1.08025	1.19451	-0.84900	0.68950
xGGCUC5	-1.11024	1.20536	-0.78579	0.74758
xGGUUC5	-1.06231	1.17584	-0.81467	0.76205
xGUAUC5	-1.07981	1.18953	-0.84558	0.67775
xGCGUC5	-1.05994	1.19382	-0.77871	0.76638
xGUGUC5	-1.05948	1.19736	-0.78125	0.77153
xGAUUA5	-1.13755	1.24092	-0.85112	0.70613
xGGCUA5	-1.16452	1.25171	-0.78682	0.76449
xGGUUA5	-1.12153	1.22423	-0.81422	0.77852
xGUAUA5	-1.13736	1.22211	-0.81575	0.73462
xGCGUA5	-1.11657	1.23909	-0.77915	0.78451
xGUGUA5	-1.11643	1.24280	-0.78209	0.78817
xGAUUG5	-1.14280	1.22920	-0.83472	0.68827
xGGCUG5	-1.17084	1.24171	-0.76889	0.74693
xGGUUG5	-1.12676	1.21400	-0.79704	0.76150
xGUAUG5	-1.14465	1.21152	-0.80026	0.71596
xGCGUG5	-1.12219	1.22809	-0.76283	0.76764
xGUGUG5	-1.12179	1.23158	-0.76588	0.77147
xUAUAU5	-0.30688	1.11870	-0.27574	0.66315
xUGCAU5	-0.29506	1.10706	-0.21933	0.70927
xUGUAU5	-0.30248	1.07131	-0.20095	0.68779
xUUAAU5	-0.33566	1.13460	-0.36477	0.60036
xUCGAU5	-0.32181	1.10401	-0.23927	0.74718
xUUGAU5	-0.30462	1.07537	-0.21160	0.71461
xUAUAC5	-0.31738	1.15563	-0.29009	0.68482
xUGCAC5	-0.30574	1.14405	-0.23362	0.73052
xUGUAC5	-0.31485	1.10971	-0.21747	0.71163
xUUAAC5	-0.34627	1.17076	-0.37730	0.62273
xUCGAC5	-0.33318	1.14181	-0.25445	0.76923
xUUGAC5	-0.31657	1.11438	-0.22836	0.73823
xUAUAA5	-0.31005	1.21825	-0.28620	0.69085
xUGCAA5	-0.29894	1.20663	-0.22982	0.73772
xUGUAA5	-0.30865	1.17411	-0.21524	0.71929
xUUAAA5	-0.33826	1.23346	-0.37278	0.62718
xUCGAA5	-0.32436	1.20369	-0.24891	0.77348
xUUGAA5	-0.30821	1.17816	-0.22363	0.74354
xUAUAG5	-0.31664	1.20349	-0.30177	0.69085
xUGCAG5	-0.30542	1.19189	-0.24533	0.73772
xUGUAG5	-0.31447	1.15930	-0.22883	0.71836
xUUAAG5	-0.34503	1.22002	-0.38881	0.62945
xUCGAG5	-0.33105	1.19023	-0.26468	0.77388
xUUGAG5	-0.31490	1.16325	-0.23848	0.74294
xUAUGU5	-1.03669	1.54291	-0.39591	0.34722
xUGCGU5	-1.02267	1.53016	-0.33719	0.39541
xUGUGU5	-1.02972	1.48957	-0.29252	0.41964
xUUAGU5	-1.05820	1.53508	-0.39592	0.36481
xUCGGU5	-1.04759	1.50792	-0.33165	0.41937
xUUGGU5	-1.02964	1.48528	-0.31840	0.39773
xUAUGC5	-1.06850	1.59027	-0.39093	0.38121
xUGCGC5	-1.05460	1.57716	-0.33185	0.43002
xUGUGC5	-1.06981	1.53478	-0.32381	0.41286
xUUAGC5	-1.09032	1.58324	-0.39343	0.39708
xUCGGC5	-1.08043	1.55652	-0.32728	0.45484
xUUGGC5	-1.06289	1.53471	-0.31465	0.43429
xUAUGA5	-1.03691	1.64690	-0.34548	0.35505
xUGCGA5	-1.02376	1.63511	-0.28561	0.40438
xUGUGA5	-1.03901	1.59600	-0.27744	0.38775
xUUAGA5	-1.05654	1.63847	-0.34365	0.37075
xUCGGA5	-1.04552	1.61243	-0.27911	0.42591
xUUGGA5	-1.02826	1.59180	-0.26700	0.40570
xUAUGG5	-1.03260	1.61022	-0.34914	0.32589
xUGCGG5	-1.01915	1.59751	-0.28898	0.37449
xUGUGG5	-1.03397	1.55832	-0.27873	0.35630
xUUAGG5	-1.05300	1.60337	-0.34995	0.34166
xUCGGG5	-1.04204	1.57623	-0.28395	0.39868
xUUGGG5	-1.02448	1.55527	-0.27076	0.37762
xCAUGU5	-1.04692	1.59705	-0.47920	0.45480
xCGCGU5	-1.03214	1.58331	-0.42033	0.50213
xCGUGU5	-1.04609	1.54069	-0.41302	0.48749
xCUAGU5	-1.06857	1.58678	-0.47853	0.47239
xCCGGU5	-1.05837	1.56052	-0.41590	0.52664
xCUGGU5	-1.04018	1.53853	-0.40581	0.50930
xCAUGC5	-1.07162	1.63149	-0.46834	0.47990
xCGCGC5	-1.05741	1.61718	-0.40953	0.52818
xCGUGC5	-1.07273	1.57585	-0.40550	0.51546
xCUAGC5	-1.09431	1.62213	-0.47074	0.49656
xCCGGC5	-1.08442	1.59716	-0.40670	0.55367
xCUGGC5	-1.06717	1.57549	-0.39708	0.53721
xCAUGA5	-1.04869	1.69915	-0.42068	0.45677
xCGCGA5	-1.03492	1.68613	-0.36100	0.50577
xCGUGA5	-1.05063	1.64737	-0.35709	0.49290
xCUAGA5	-1.06866	1.68878	-0.42115	0.46913
xCCGGA5	-1.05802	1.66306	-0.35547	0.52766
xCUGGA5	-1.04122	1.64323	-0.34694	0.51140
xCAUGG5	-1.04900	1.66952	-0.42866	0.43269
xCGCGG5	-1.03491	1.65569	-0.36809	0.48215
xCGUGG5	-1.05004	1.61725	-0.36188	0.46798
xCUAGG5	-1.06975	1.66034	-0.42985	0.44650
xCCGGG5	-1.05915	1.63389	-0.36348	0.50545
xCUGGG5	-1.04210	1.61262	-0.35398	0.48862
xAAUUU2	-0.32921	1.18264	-0.28228	0.71742
xAGCUU2	-0.32519	1.18589	-0.26586	0.70217
xAGUUU2	-0.32627	1.18572	-0.26231	0.69688
xAUAUU2	-0.32148	1.14184	-0.26209	0.69825
xACGUU2	-0.31981	1.14039	-0.26303	0.69508
xAUGUU2	-0.32112	1.14066	-0.25475	0.68677
xAAUUC2	-0.34692	1.21461	-0.28921	0.73561
xAGCUC2	-0.34288	1.21918	-0.27399	0.72193
xAGUUC2	-0.34425	1.21905	-0.27076	0.71735
xAUAUC2	-0.33900	1.17466	-0.26966	0.71704
xACGUC2	-0.33768	1.17376	-0.27104	0.71466
xAUGUC2	-0.33889	1.17494	-0.26281	0.70726
xAAUUA2	-0.30865	1.21379	-0.28455	0.72581
xAGCUA2	-0.30468	1.21836	-0.26899	0.71196
xAGUUA2	-0.30645	1.21669	-0.26577	0.70689
xAUAUA2	-0.30056	1.17334	-0.26466	0.70637
xACGUA2	-0.29932	1.17329	-0.26627	0.70502
xAUGUA2	-0.30099	1.17257	-0.25728	0.69582
xAAUUG2	-0.32554	1.16385	-0.27757	0.70478
xAGCUG2	-0.32096	1.16696	-0.25996	0.68850
xAGUUG2	-0.32261	1.16571	-0.25661	0.68226
xAUAUG2	-0.31672	1.12304	-0.25735	0.68489
xACGUG2	-0.31461	1.12217	-0.25855	0.68311
xAUGUG2	-0.31656	1.12148	-0.24856	0.67271
xGAUCU2	-1.04475	1.55601	-0.13931	0.75786
xGGCCU2	-1.04178	1.56519	-0.13319	0.75019
xGGUCU2	-1.04000	1.55921	-0.12696	0.74143
xGUACU2	-1.04880	1.53416	-0.15123	0.76708
xGCGCU2	-1.05193	1.53661	-0.15768	0.77480
xGUGCU2	-1.04218	1.52575	-0.14376	0.75454
xGAUCC2	-1.06634	1.58640	-0.14315	0.77238
xGGCCC2	-1.06394	1.59549	-0.13708	0.76561
xGGUCC2	-1.06247	1.59001	-0.13141	0.75695
xGUACC2	-1.07100	1.56480	-0.15521	0.78255
xGCGCC2	-1.07407	1.56801	-0.16238	0.79105
xGUGCC2	-1.06444	1.55738	-0.14902	0.77020
xGAUCA2	-1.03040	1.60071	-0.15466	0.78095
xGGCCA2	-1.02858	1.61146	-0.15035	0.77485
xGGUCA2	-1.02725	1.60582	-0.14434	0.76596
xGUACA2	-1.03460	1.57904	-0.16644	0.78965
xGCGCA2	-1.03864	1.58330	-0.17432	0.79937
xGUGCA2	-1.02873	1.57067	-0.15972	0.77753
xGAUCG2	-1.04281	1.54849	-0.14467	0.75882
xGGCCG2	-1.04050	1.55828	-0.13912	0.75109
xGGUCG2	-1.03915	1.55241	-0.13232	0.74212
xGUACG2	-1.04654	1.52619	-0.15617	0.76647
xGCGCG2	-1.04975	1.52910	-0.16343	0.77541
xGUGCG2	-1.04012	1.51712	-0.14806	0.75330
xGAUUU2	-1.03223	1.50542	-0.06536	0.65798
xGGCUU2	-1.02733	1.51105	-0.05801	0.64829
xGGUUU2	-1.02358	1.50249	-0.05006	0.63681
xGUAUU2	-1.03984	1.48900	-0.07426	0.66728
xGCGUU2	-1.04363	1.49229	-0.07992	0.67427
xGUGUU2	-1.02908	1.47359	-0.06405	0.64850
xGAUUC2	-1.05472	1.53681	-0.07435	0.67883
xGGCUC2	-1.05032	1.54210	-0.06706	0.66972
xGGUUC2	-1.04688	1.53451	-0.05978	0.65819
xGUAUC2	-1.06246	1.52084	-0.08393	0.68907
xGCGUC2	-1.06677	1.52436	-0.08960	0.69628
xGUGUC2	-1.05204	1.50578	-0.07374	0.67093
xGAUUA2	-1.01711	1.54662	-0.08185	0.68044
xGGCUA2	-1.01302	1.55369	-0.07617	0.67287
xGGUUA2	-1.00963	1.54496	-0.06815	0.66082
xGUAUA2	-1.02476	1.53016	-0.09096	0.69002
xGCGUA2	-1.02931	1.53439	-0.09767	0.69825
xGUGUA2	-1.01464	1.51490	-0.08073	0.67163
xGAUUG2	-1.02951	1.49507	-0.06795	0.65405
xGGCUG2	-1.02528	1.50108	-0.06049	0.64458
xGGUUG2	-1.02191	1.49234	-0.05243	0.63271
xGUAUG2	-1.03679	1.47737	-0.07615	0.66299
xGCGUG2	-1.04071	1.48154	-0.08299	0.67055
xGUGUG2	-1.02636	1.46200	-0.06496	0.64354
xUAUAU2	-1.36154	1.14323	-0.26232	0.80794
xUGCAU2	-1.36351	1.14419	-0.25505	0.79566
xUGUAU2	-1.36194	1.13932	-0.24941	0.78733
xUUAAU2	-1.35286	1.11625	-0.23593	0.77659
xUCGAU2	-1.35456	1.11255	-0.22708	0.77366
xUUGAU2	-1.35024	1.10775	-0.22631	0.76254
xUAUAC2	-1.36660	1.14579	-0.26314	0.81295
xUGCAC2	-1.36896	1.14723	-0.25626	0.80129
xUGUAC2	-1.36754	1.14271	-0.25107	0.79277
xUUAAC2	-1.35849	1.11961	-0.23808	0.78233
xUCGAC2	-1.36000	1.11554	-0.22894	0.77894
xUUGAC2	-1.35595	1.11105	-0.22824	0.76847
xUAUAA2	-1.37143	1.15068	-0.26296	0.81322
xUGCAA2	-1.37358	1.15183	-0.25627	0.80094
xUGUAA2	-1.37159	1.14765	-0.25017	0.79351
xUUAAA2	-1.36335	1.12427	-0.23764	0.78224
xUCGAA2	-1.36518	1.12094	-0.22899	0.77954
xUUGAA2	-1.36067	1.11574	-0.22805	0.76866
xUAUAG2	-1.36012	1.12456	-0.25630	0.79679
xUGCAG2	-1.36187	1.12549	-0.24912	0.78402
xUGUAG2	-1.36013	1.12043	-0.24317	0.77571
xUUAAG2	-1.35085	1.09779	-0.22967	0.76408
xUCGAG2	-1.35299	1.09440	-0.22049	0.76191
xUUGAG2	-1.34814	1.08838	-0.21980	0.74984
xUAUGU2	-1.38604	1.11338	-0.19465	0.72050
xUGCGU2	-1.38640	1.11150	-0.18588	0.70582
xUGUGU2	-1.38376	1.10523	-0.17958	0.69632
xUUAGU2	-1.37492	1.08312	-0.16518	0.68487
xUCGGU2	-1.37725	1.08196	-0.15961	0.68530
xUUGGU2	-1.37101	1.07270	-0.15505	0.66991
xUAUGC2	-1.39061	1.11375	-0.19609	0.72415
xUGCGC2	-1.39131	1.11192	-0.18755	0.70981
xUGUGC2	-1.38901	1.10711	-0.18123	0.70055
xUUAGC2	-1.37987	1.08437	-0.16722	0.68903
xUCGGC2	-1.38207	1.08294	-0.16212	0.68919
xUUGGC2	-1.37609	1.07357	-0.15726	0.67445
xUAUGA2	-1.39573	1.12049	-0.19665	0.72651
xUGCGA2	-1.39640	1.11925	-0.18836	0.71191
xUGUGA2	-1.39421	1.11345	-0.18253	0.70324
xUUAGA2	-1.38501	1.09096	-0.16778	0.69139
xUCGGA2	-1.38755	1.08984	-0.16263	0.69207
xUUGGA2	-1.38116	1.08036	-0.15770	0.67644
xUAUGG2	-1.38522	1.09630	-0.18923	0.70925
xUGCGG2	-1.38543	1.09453	-0.18046	0.69400
xUGUGG2	-1.38322	1.08873	-0.17459	0.68469
xUUAGG2	-1.37356	1.06542	-0.15896	0.67339
xUCGGG2	-1.37600	1.06468	-0.15364	0.67354
xUUGGG2	-1.36956	1.05534	-0.14878	0.65784
xCAUGU2	-1.20011	0.96860	-0.17220	0.64091
xCGCGU2	-1.20364	0.97298	-0.16924	0.63196
xCGUGU2	-1.20383	0.97217	-0.16699	0.62879
xCUAGU2	-1.19249	0.94337	-0.15123	0.61378
xCCGGU2	-1.19140	0.93170	-0.13623	0.60215
xCUGGU2	-1.19227	0.93969	-0.14609	0.60566
xCAUGC2	-1.21069	0.97413	-0.17409	0.64698
xCGCGC2	-1.21416	0.97861	-0.17153	0.63767
xCGUGC2	-1.21469	0.97833	-0.16952	0.63529
xCUAGC2	-1.20457	0.94891	-0.15420	0.61365
xCCGGC2	-1.20130	0.93724	-0.13843	0.60875
xCUGGC2	-1.20299	0.94589	-0.14926	0.61280
xCAUGA2	-1.21262	0.97720	-0.17540	0.64686
xCGCGA2	-1.21594	0.98191	-0.17257	0.63815
xCGUGA2	-1.21631	0.98125	-0.17054	0.63505
xCUAGA2	-1.20545	0.95279	-0.15537	0.62007
xCCGGA2	-1.20387	0.94134	-0.13970	0.60939
xCUGGA2	-1.20502	0.94934	-0.15014	0.61311
xCAUGG2	-1.19000	0.94223	-0.15968	0.61982
xCGCGG2	-1.19315	0.94633	-0.15681	0.61043
xCGUGG2	-1.19322	0.94471	-0.15417	0.60605
xCUAGG2	-1.18206	0.91691	-0.13828	0.59163
xCCGGG2	-1.18111	0.90584	-0.12281	0.58094
xCUGGG2	-1.18167	0.91313	-0.13258	0.58328
AAAUUx2	-0.34514	1.23363	-0.38641	0.62486
AAGCUx2	-0.34209	1.23821	-0.37193	0.61210
AAGUUx2	-0.34383	1.24028	-0.36907	0.60793
AAUAUx2	-0.33648	1.19312	-0.36683	0.60619
AACGUx2	-0.33544	1.19290	-0.36898	0.60526
AAUGUx2	-0.33714	1.19394	-0.36008	0.59625
GAAUUx2	-0.31977	1.19536	-0.38386	0.60744
GAGCUx2	-0.31558	1.19802	-0.36665	0.59133
GAGUUx2	-0.31750	1.19907	-0.36320	0.58620
GAUAUx2	-0.31080	1.15449	-0.36353	0.58797
GACGUx2	-0.30938	1.15395	-0.36496	0.58622
GAUGUx2	-0.31127	1.15450	-0.35557	0.57658
UAAUUx2	-0.33433	1.20678	-0.38175	0.61065
UAGCUx2	-0.33052	1.20941	-0.36474	0.59481
UAGUUx2	-0.33208	1.20976	-0.36156	0.58982
UAUAUx2	-0.32595	1.16511	-0.36239	0.59162
UACGUx2	-0.32447	1.16391	-0.36344	0.58946
UAUGUx2	-0.32626	1.16532	-0.35508	0.58096
CAAUUx2	-0.32029	1.24907	-0.37943	0.61973
CAGCUx2	-0.31611	1.25300	-0.36383	0.60566
CAGUUx2	-0.31807	1.25371	-0.36139	0.60150
CAUAUx2	-0.31194	1.20872	-0.36031	0.60119
CACGUx2	-0.31030	1.20914	-0.36149	0.59945
CAUGUx2	-0.31245	1.20957	-0.35416	0.59187
AGAUCx2	-1.07331	1.62162	-0.26440	0.68602
AGGCCx2	-1.07181	1.63167	-0.26020	0.68031
AGGUCx2	-1.06957	1.62913	-0.25313	0.67172
AGUACx2	-1.07766	1.60235	-0.27831	0.69789
AGCGCx2	-1.08181	1.60707	-0.28791	0.70908
AGUGCx2	-1.07204	1.59460	-0.27156	0.68576
GGAUCx2	-1.03430	1.57521	-0.25619	0.65854
GGGCCx2	-1.03206	1.58407	-0.25044	0.65108
GGGUCx2	-1.03116	1.57888	-0.24429	0.64215
GGUACx2	-1.03882	1.55475	-0.26918	0.66961
GGCGCx2	-1.04270	1.55822	-0.27795	0.67970
GGUGCx2	-1.03244	1.54647	-0.26111	0.65593
UGAUCx2	-1.04476	1.58026	-0.24269	0.64862
UGGCCx2	-1.04220	1.58883	-0.23617	0.64046
UGGUCx2	-1.04127	1.58359	-0.23019	0.63194
UGUACx2	-1.04850	1.55915	-0.25520	0.65848
UGCGCx2	-1.05195	1.56119	-0.26296	0.66756
UGUGCx2	-1.04274	1.55056	-0.24787	0.64595
CGAUCx2	-1.03448	1.62754	-0.24369	0.66300
CGGCCx2	-1.03198	1.63664	-0.23754	0.65527
CGGUCx2	-1.03098	1.63144	-0.23196	0.64709
CGUACx2	-1.03845	1.60744	-0.25619	0.67328
CGCGCx2	-1.04184	1.61052	-0.26433	0.68242
CGUGCx2	-1.03276	1.59936	-0.25010	0.66165
AGAUUx2	-1.06153	1.57375	-0.19046	0.58692
AGGCUx2	-1.05801	1.57999	-0.18442	0.57901
AGGUUx2	-1.05530	1.57201	-0.17704	0.56759
AGUAUx2	-1.06978	1.55761	-0.20113	0.59812
AGCGUx2	-1.07469	1.56216	-0.20883	0.60767
AGUGUx2	-1.05979	1.54382	-0.19082	0.58003
GGAUUx2	-1.02243	1.52393	-0.17703	0.55328
GGGCUx2	-1.01795	1.52944	-0.16995	0.54391
GGGUUx2	-1.01401	1.52248	-0.16163	0.53199
GGUAUx2	-1.02971	1.50731	-0.18659	0.56390
GGCGUx2	-1.03437	1.51151	-0.19387	0.57221
GGUGUx2	-1.01954	1.49292	-0.17542	0.54424
UGAUUx2	-1.03317	1.52803	-0.16566	0.54548
UGGCUx2	-1.02841	1.53325	-0.15792	0.53525
UGGUUx2	-1.02508	1.52570	-0.15026	0.52382
UGUAUx2	-1.03973	1.51113	-0.17519	0.55477
UGCGUx2	-1.04375	1.51417	-0.18157	0.56242
UGUGUx2	-1.02997	1.49685	-0.16459	0.53647
CGAUUx2	-1.02342	1.57731	-0.17290	0.56528
CGGCUx2	-1.01880	1.58308	-0.16502	0.55645
CGGUUx2	-1.01560	1.57525	-0.15774	0.54528
CGUAUx2	-1.03056	1.56142	-0.18217	0.57586
CGCGUx2	-1.03469	1.56529	-0.18878	0.58388
CGUGUx2	-1.02083	1.54716	-0.17247	0.55844
AUAUAx2	-1.37496	1.16228	-0.35859	0.69702
AUGCAx2	-1.37751	1.16338	-0.35173	0.68429
AUGUAx2	-1.37622	1.15907	-0.34605	0.67619
AUUAAx2	-1.36658	1.13758	-0.33280	0.66659
AUCGAx2	-1.36866	1.13400	-0.32521	0.66459
AUUGAx2	-1.36454	1.12828	-0.32328	0.65231
GUAUAx2	-1.37265	1.16227	-0.35423	0.68828
GUGCAx2	-1.37469	1.16276	-0.34658	0.67520
GUGUAx2	-1.37310	1.15825	-0.34074	0.66627
GUUAAx2	-1.36436	1.13623	-0.32794	0.65643
GUCGAx2	-1.36669	1.13395	-0.32030	0.65555
GUUGAx2	-1.36178	1.12779	-0.31780	0.64246
UUAUAx2	-1.38553	1.15323	-0.36699	0.69943
UUGCAx2	-1.38765	1.15389	-0.35960	0.68679
UUGUAx2	-1.38622	1.15008	-0.35399	0.67914
UUUAAx2	-1.37722	1.12595	-0.34094	0.66780
UUCGAx2	-1.37942	1.12274	-0.33292	0.66594
UUUGAx2	-1.37460	1.11799	-0.33087	0.65397
CUAUAx2	-1.39667	1.18994	-0.38255	0.72589
CUGCAx2	-1.39905	1.19072	-0.37583	0.71380
CUGUAx2	-1.39781	1.18681	-0.37052	0.70603
CUUAAx2	-1.38947	1.16243	-0.35814	0.69586
CUCGAx2	-1.39129	1.16069	-0.34977	0.69404
CUUGAx2	-1.38692	1.15503	-0.34851	0.68276
AUAUGx2	-1.40030	1.13492	-0.29202	0.60949
AUGCGx2	-1.40120	1.13264	-0.28349	0.59472
AUGUGx2	-1.39925	1.12734	-0.27731	0.58565
AUUAGx2	-1.38984	1.10543	-0.26349	0.57482
AUCGGx2	-1.39234	1.10533	-0.25867	0.57666
AUUGGx2	-1.38626	1.09534	-0.25293	0.55981
GUAUGx2	-1.39703	1.13294	-0.28645	0.59860
GUGCGx2	-1.39726	1.13063	-0.27742	0.58309
GUGUGx2	-1.41123	1.15781	-0.30468	0.65070
GUUAGx2	-1.38617	1.10434	-0.25698	0.56300
GUCGGx2	-1.38915	1.10504	-0.25253	0.56544
GUUGGx2	-1.38225	1.09390	-0.24634	0.54813
UUAUGx2	-1.40837	1.12400	-0.29809	0.60946
UUGCGx2	-1.40839	1.12205	-0.28888	0.59421
UUGUGx2	-1.40680	1.11686	-0.28332	0.58611
UUUAGx2	-1.39791	1.09337	-0.26932	0.57391
UUCGGx2	-1.40037	1.09370	-0.26389	0.57519
UUUGGx2	-1.39379	1.08287	-0.25864	0.55908
CUAUGx2	-1.41959	1.16009	-0.31503	0.63746
CUGCGx2	-1.42041	1.15881	-0.30687	0.62350
CUGUGx2	-1.41857	1.15292	-0.30136	0.61525
CUUAGx2	-1.41012	1.13082	-0.28783	0.60430
CUCGGx2	-1.41273	1.13007	-0.28272	0.60552
CUUGGx2	-1.40623	1.12099	-0.27772	0.58987
ACAUGx2	-1.20138	0.97008	-0.23746	0.49618
ACGCGx2	-1.20511	0.97397	-0.23381	0.48633
ACGUGx2	-1.20603	0.97337	-0.23191	0.48312
ACUAGx2	-1.19434	0.94463	-0.21549	0.46785
ACCGGx2	-1.19308	0.93533	-0.20125	0.45865
ACUGGx2	-1.19423	0.94202	-0.21004	0.45968
GCAUGx2	-1.19326	0.96970	-0.23707	0.49117
GCGCGx2	-1.19622	0.97220	-0.23312	0.48019
GCGUGx2	-1.19685	0.97218	-0.23042	0.47709
GCUAGx2	-1.18541	0.94420	-0.21379	0.46130
GCCGGx2	-1.18489	0.93447	-0.20033	0.45264
GCUGGx2	-1.18536	0.93952	-0.20833	0.45277
UCAUGx2	-1.21782	0.96590	-0.26367	0.51436
UCGCGx2	-1.22094	0.96917	-0.25933	0.50385
UCGUGx2	-1.22151	0.96929	-0.25699	0.50042
UCUAGx2	-1.21050	0.94011	-0.24142	0.48561
UCCGGx2	-1.20968	0.92993	-0.22776	0.47631
UCUGGx2	-1.21018	0.93612	-0.23619	0.47734
CCAUGx2	-1.24401	1.01253	-0.29730	0.55821
CCGCGx2	-1.24782	1.01638	-0.29407	0.54929
CCGUGx2	-1.24838	1.01861	-0.29204	0.54649
CCUAGx2	-1.23722	0.98810	-0.27709	0.53193
CCCGGx2	-1.23606	0.97772	-0.26245	0.52168
CCUGGx2	-1.23720	0.98577	-0.27234	0.52455
AAAxUU2	-0.34533	1.22408	-0.37585	0.61197
AAGxUU2	-0.34322	1.22940	-0.35850	0.59553
AAUxUU2	-0.33888	1.18547	-0.35379	0.59044
AACxUU2	-0.33829	1.18791	-0.36476	0.60148
GAAxUC2	-0.34356	1.22051	-0.38248	0.61714
GAGxUC2	-0.34065	1.22395	-0.36307	0.59837
GAUxUC2	-0.33655	1.18374	-0.36038	0.59609
GACxUC2	-0.33652	1.18476	-0.37160	0.60720
GAAxUU2	-0.32802	1.19805	-0.37816	0.60349
GAGxUU2	-0.32462	1.20115	-0.35747	0.58279
GAUxUU2	-0.32081	1.15969	-0.35544	0.58088
GACxUU2	-0.32045	1.16169	-0.36713	0.59269
UAAxUA2	-0.32151	1.23047	-0.37876	0.61287
UAGxUA2	-0.31896	1.23431	-0.35946	0.59380
UAUxUA2	-0.31397	1.19082	-0.35639	0.59033
UACxUA2	-0.31405	1.19491	-0.36800	0.60259
CAAxUG2	-0.32092	1.21930	-0.36869	0.59608
CAGxUG2	-0.31831	1.22293	-0.34921	0.57699
CAUxUG2	-0.31364	1.18063	-0.34645	0.57413
CACxUG2	-0.31311	1.18347	-0.35771	0.58549
UAAxUG2	-0.33616	1.18763	-0.37207	0.59145
UAGxUG2	-0.33285	1.18960	-0.35025	0.56933
UAUxUG2	-0.32800	1.14789	-0.34901	0.56830
UACxUG2	-0.32779	1.15085	-0.36165	0.58106
AGAxCU2	-1.07720	1.61873	-0.25488	0.67836
AGGxCU2	-1.07364	1.62231	-0.24423	0.66318
AGUxCU2	-1.08003	1.59425	-0.26550	0.68317
AGCxCU2	-1.09168	1.61036	-0.28409	0.70985
GGAxCC2	-1.06525	1.59848	-0.24748	0.66327
GGGxCC2	-1.06096	1.60091	-0.23534	0.64641
GGUxCC2	-1.06756	1.57406	-0.25704	0.66705
GGCxCC2	-1.07940	1.59044	-0.27588	0.69361
GGAxCU2	-1.04658	1.58028	-0.24853	0.65529
GGGxCU2	-1.04224	1.58256	-0.23579	0.63792
GGUxCU2	-1.04841	1.55559	-0.25721	0.65832
GGCxCU2	-1.06054	1.57076	-0.27660	0.68544
UGAxCA2	-1.04204	1.61871	-0.24841	0.66392
UGGxCA2	-1.03796	1.62253	-0.23697	0.64819
UGUxCA2	-1.04354	1.59299	-0.25699	0.66658
UGCxCA2	-1.05492	1.60866	-0.27520	0.69266
CGAxCG2	-1.04057	1.61459	-0.24263	0.65745
CGGxCG2	-1.03657	1.61803	-0.23049	0.64096
CGUxCG2	-1.04186	1.58850	-0.25093	0.65917
CGCxCG2	-1.05221	1.60448	-0.26858	0.68536
UGAxCG2	-1.05331	1.57685	-0.24253	0.64522
UGGxCG2	-1.04860	1.57988	-0.22889	0.62806
UGUxCG2	-1.05790	1.54446	-0.25364	0.64446
UGCxCG2	-1.06504	1.56500	-0.26908	0.67388
AGAxUU2	-1.06578	1.57156	-0.18223	0.58129
AGGxUU2	-1.05782	1.56882	-0.16852	0.56080
AGUxUU2	-1.06970	1.54796	-0.18725	0.58189
AGCxUU2	-1.08680	1.57158	-0.20844	0.61411
GGAxUC2	-1.05271	1.54857	-0.17385	0.56447
GGGxUC2	-1.04418	1.54477	-0.15859	0.54271
GGUxUC2	-1.05631	1.52511	-0.17829	0.56490
GGCxUC2	-1.07328	1.54808	-0.19888	0.59650
GGAxUU2	-1.03403	1.52918	-0.17039	0.55131
GGGxUU2	-1.02500	1.52503	-0.15462	0.52893
GGUxUU2	-1.03699	1.50509	-0.17383	0.55028
GGCxUU2	-1.05429	1.52824	-0.19516	0.58294
UGAxUA2	-1.02813	1.56477	-0.17286	0.56155
UGGxUA2	-1.01980	1.56202	-0.15820	0.54031
UGUxUA2	-1.03106	1.54017	-0.17631	0.56049
UGCxUA2	-1.04787	1.56370	-0.19743	0.59233
CGAxUG2	-1.02782	1.56236	-0.16776	0.55538
CGGxUG2	-1.01965	1.55955	-0.15268	0.53394
CGUxUG2	-1.03042	1.53719	-0.17107	0.55403
CGCxUG2	-1.04685	1.55976	-0.19229	0.58571
UGAxUG2	-1.03966	1.52352	-0.16323	0.53970
UGGxUG2	-1.03092	1.52046	-0.14697	0.51695
UGUxUG2	-1.04148	1.49797	-0.16554	0.53744
UGCxUG2	-1.05799	1.52118	-0.18784	0.57018
AUAxAU2	-1.37480	1.16423	-0.36099	0.70035
AUGxAU2	-1.37605	1.16117	-0.34857	0.67972
AUUxAU2	-1.36540	1.13373	-0.32979	0.66085
AUCxAU2	-1.37020	1.14067	-0.33218	0.67464
GUAxAC2	-1.37699	1.16859	-0.35723	0.69692
GUGxAC2	-1.37774	1.16478	-0.34448	0.67565
GUUxAC2	-1.36767	1.13776	-0.32552	0.65686
GUCxAC2	-1.37317	1.14552	-0.32859	0.67147
GUAxAU2	-1.37388	1.16673	-0.35701	0.69338
GUGxAU2	-1.37400	1.16186	-0.34359	0.67138
GUUxAU2	-1.36431	1.13556	-0.32472	0.65253
GUCxAU2	-1.36962	1.14314	-0.32779	0.66722
UUAxAA2	-1.39314	1.15937	-0.36484	0.70175
UUGxAA2	-1.39343	1.15625	-0.35233	0.68167
UUUxAA2	-1.38359	1.12850	-0.33323	0.66283
UUCxAA2	-1.38949	1.13547	-0.33560	0.67622
CUAxAG2	-1.39109	1.17600	-0.37766	0.71647
CUGxAG2	-1.39173	1.17326	-0.36543	0.69642
CUUxAG2	-1.38178	1.14476	-0.34642	0.67706
CUCxAG2	-1.38717	1.15172	-0.34864	0.69027
UUAxAG2	-1.38416	1.14552	-0.36276	0.69225
UUGxAG2	-1.38436	1.14210	-0.34976	0.67098
UUUxAG2	-1.37359	1.11348	-0.32983	0.65085
UUCxAG2	-1.37933	1.12060	-0.33235	0.66438
AUAxGU2	-1.40235	1.13892	-0.29506	0.61431
AUGxGU2	-1.40068	1.13085	-0.27980	0.58965
AUUxGU2	-1.38939	1.10309	-0.25931	0.56907
AUCxGU2	-1.39664	1.11460	-0.26631	0.58736
GUAxGC2	-1.40127	1.13750	-0.28823	0.60542
GUGxGC2	-1.39948	1.12939	-0.27326	0.58096
GUUxGC2	-1.38866	1.10164	-0.25268	0.56007
GUCxGC2	-1.39632	1.11569	-0.25941	0.57946
GUAxGU2	-1.39848	1.13737	-0.28881	0.60322
GUGxGU2	-1.39617	1.12857	-0.27319	0.57815
GUUxGU2	-1.38556	1.10164	-0.25257	0.55777
GUCxGU2	-1.39368	1.11500	-0.25942	0.57717
UUAxGA2	-1.41685	1.13066	-0.29681	0.61257
UUGxGA2	-1.41478	1.12322	-0.28161	0.58920
UUUxGA2	-1.40369	1.09451	-0.26060	0.56779
UUCxGA2	-1.41146	1.10519	-0.26668	0.58513
CUAxGG2	-1.41630	1.14954	-0.31123	0.63004
CUGxGG2	-1.41433	1.14220	-0.29638	0.60644
CUUxGG2	-1.40351	1.11377	-0.27556	0.58651
CUCxGG2	-1.41119	1.12460	-0.28181	0.60290
UUAxGG2	-1.40872	1.11916	-0.29362	0.60378
UUGxGG2	-1.40654	1.11069	-0.27856	0.57864
UUUxGG2	-1.39497	1.08098	-0.25681	0.55667
UUCxGG2	-1.40252	1.09301	-0.26315	0.57438
ACAxGU2	-1.20186	0.97204	-0.23938	0.49956
ACGxGU2	-1.20623	0.97544	-0.23364	0.48629
ACUxGU2	-1.19422	0.94407	-0.21384	0.46503
ACCxGU2	-1.19327	0.93806	-0.20449	0.46405
GCAxGC2	-1.20406	0.97821	-0.23891	0.49988
GCGxGC2	-1.20786	0.98090	-0.23237	0.48568
GCUxGC2	-1.19620	0.94992	-0.21251	0.46443
GCCxGC2	-1.19599	0.94438	-0.20375	0.46405
GCAxGU2	-1.19722	0.97548	-0.23922	0.49665
GCGxGU2	-1.20075	0.97683	-0.23258	0.48150
GCUxGU2	-1.18921	0.94592	-0.21229	0.45987
GCCxGU2	-1.18930	0.94053	-0.20427	0.46001
UCAxGA2	-1.22956	0.97427	-0.26270	0.51878
UCGxGA2	-1.23316	0.97734	-0.25671	0.50487
UCUxGA2	-1.22171	0.94467	-0.23767	0.48352
UCCxGA2	-1.22222	0.94047	-0.22836	0.48364
CCAxGG2	-1.23057	0.99187	-0.28521	0.53999
CCGxGG2	-1.23413	0.99629	-0.27961	0.52755
CCUxGG2	-1.22256	0.96399	-0.26144	0.50603
CCCxGG2	-1.22272	0.95744	-0.25099	0.50474
UCAxGG2	-1.21169	0.95306	-0.25441	0.50055
UCGxGG2	-1.21471	0.95525	-0.24748	0.48587
UCUxGG2	-1.20301	0.92367	-0.22776	0.46429
UCCxGG2	-1.20375	0.91873	-0.21957	0.46426
CCAxxx3	-0.24648	1.11871	-0.34481	0.57572
AAAUxx2	-0.23857	1.09816	-0.28336	0.61249
AACGxx2	-0.22637	1.05499	-0.26779	0.59773
AAGCxx2	-0.23446	1.09971	-0.26471	0.59191
AAGUxx2	-0.26686	1.10165	-0.30523	0.64258
AAUAxx2	-0.22692	1.05434	-0.26307	0.59118
AAUGxx2	-0.25166	1.06206	-0.27134	0.63202
CAAUxx2	-0.21548	1.11496	-0.28388	0.60130
CACGxx2	-0.20340	1.07222	-0.26851	0.58557
CAGCxx2	-0.20994	1.11604	-0.25714	0.58658
CAGUxx2	-0.24368	1.11817	-0.29981	0.63948
CAUAxx2	-0.20318	1.07078	-0.25680	0.58682
CAUGxx2	-0.22856	1.09472	-0.26680	0.62733
GAAUxx2	-0.21325	1.06007	-0.28141	0.59284
GACGxx2	-0.20026	1.01564	-0.26443	0.57661
GAGCxx2	-0.20851	1.06076	-0.26090	0.56989
GAGUxx2	-0.24125	1.06360	-0.30417	0.62429
GAUAxx2	-0.20153	1.01586	-0.26079	0.57090
GAUGxx2	-0.22272	1.04024	-0.28125	0.60131
UAAUxx2	-0.22806	1.06996	-0.27922	0.59555
UACGxx2	-0.21492	1.02521	-0.26270	0.57898
UAGCxx2	-0.22317	1.07089	-0.25860	0.57218
UAGUxx2	-0.25646	1.07383	-0.30271	0.62714
UAUAxx2	-0.21607	1.02565	-0.25925	0.57381
UAUGxx2	-0.23846	1.05044	-0.28034	0.60540
AAAxxU2	-0.23658	1.08694	-0.27421	0.60491
AACxxU2	-0.22310	1.04286	-0.26196	0.59190
AAGxxU2	-0.23469	1.08957	-0.25162	0.57852
AAUxxU2	-0.22607	1.04295	-0.24870	0.57376
CAAxxG2	-0.21410	1.08422	-0.27065	0.59270
CACxxG2	-0.20051	1.04181	-0.25919	0.58010
CAGxxG2	-0.21188	1.08561	-0.24652	0.56395
CAUxxG2	-0.20354	1.04045	-0.24543	0.56121
GAAxxC2	-0.23452	1.08286	-0.27975	0.60313
GAAxxU2	-0.23854	1.07705	-0.28581	0.61998
GACxxC2	-0.22158	1.04006	-0.26739	0.59120
GACxxU2	-0.22688	1.03562	-0.27458	0.60810
GAGxxC2	-0.23221	1.08462	-0.25601	0.57497
GAGxxU2	-0.23771	1.07878	-0.26151	0.59167
GAUxxC2	-0.22471	1.04005	-0.25452	0.57245
GAUxxU2	-0.21063	1.01805	-0.24816	0.56484
UAAxxA2	-0.21346	1.09205	-0.27554	0.59793
UAAxxG2	-0.21768	1.06764	-0.29593	0.61610
UACxxA2	-0.20006	1.04998	-0.26387	0.58578
UACxxG2	-0.20292	1.02438	-0.28350	0.60291
UAGxxA2	-0.21121	1.09369	-0.25162	0.56951
UAGxxG2	-0.21516	1.06953	-0.27205	0.58824
UAUxxA2	-0.20330	1.04872	-0.25046	0.56661
UAUxxG2	-0.20614	1.02456	-0.27126	0.58550
xxAUAA5	-0.21403	1.10332	-0.27199	0.58264
xxAUAC5	-0.21697	1.02367	-0.27194	0.57318
xxAUAG5	-0.21828	1.11744	-0.24252	0.60624
xxAUAU5	-0.22331	1.04622	-0.28683	0.57914
xxCGAA5	-0.22938	1.09551	-0.26812	0.61915
xxCGAC5	-0.23396	1.01476	-0.26953	0.61096
xxCGAG5	-0.23821	1.11475	-0.26665	0.61126
xxCGAU5	-0.23870	1.03793	-0.28510	0.61312
xxGCAA5	-0.20736	1.10248	-0.25431	0.59313
xxGCAC5	-0.20605	1.01301	-0.21606	0.61848
xxGCAG5	-0.21510	1.11164	-0.21972	0.61609
xxGCAU5	-0.21314	1.03520	-0.23505	0.62140
xxGUAA5	-0.20592	1.06363	-0.25165	0.57180
xxGUAC5	-0.21087	0.99160	-0.25213	0.55991
xxGUAG5	-0.22007	1.04957	-0.26477	0.57151
xxGUAU5	-0.19966	0.96080	-0.23481	0.53980
xxUAAA5	-0.23028	1.09898	-0.26696	0.62453
xxUAAC5	-0.23088	1.02012	-0.25557	0.62697
xxUAAG5	-0.23924	1.11844	-0.26538	0.61825
xxUAAU5	-0.23950	1.04302	-0.28402	0.62074
xxUGAA5	-0.22759	1.09351	-0.28670	0.58085
xxUGAC5	-0.22826	0.99606	-0.20525	0.65981
xxUGAG5	-0.22604	1.06571	-0.17752	0.70784
xxUGAU5	-0.22519	0.99445	-0.28735	0.53410
AxxAAU5	-0.22012	0.98002	-0.24078	0.64488
AxxCAU5	-0.19512	1.00335	-0.22020	0.62001
AxxGAU5	-0.19626	0.95287	-0.19882	0.61420
AxxUAU5	-0.20893	0.97164	-0.23998	0.56095
CxxAAG5	-0.22245	1.06803	-0.20012	0.73234
CxxCAG5	-0.19793	1.08479	-0.17390	0.71618
CxxGAG5	-0.20786	1.06132	-0.24092	0.62554
CxxUAG5	-0.20771	1.04960	-0.16372	0.69992
GxxAAC5	-0.22730	1.00754	-0.23465	0.67280
GxxAAU5	-0.24322	1.05305	-0.28514	0.68027
GxxCAC5	-0.20159	1.02513	-0.20740	0.65501
GxxCAU5	-0.21383	1.07285	-0.25360	0.67026
GxxGAC5	-0.20462	0.97917	-0.20225	0.64155
GxxGAU5	-0.21745	1.03194	-0.21118	0.68992
GxxUAC5	-0.21130	0.98740	-0.19736	0.63782
GxxUAU5	-0.22869	1.03421	-0.25163	0.64596
UxxAAA5	-0.22425	1.09761	-0.28236	0.63370
UxxAAG5	-0.23306	1.10502	-0.24476	0.69950
UxxCAA5	-0.19893	1.11450	-0.25379	0.61783
UxxCAG5	-0.24409	1.11318	-0.30615	0.64025
UxxGAA5	-0.20149	1.07023	-0.24876	0.60571
UxxGAG5	-0.25075	1.06086	-0.29746	0.63697
UxxUAA5	-0.20917	1.07877	-0.24476	0.60184
UxxUAG5	-0.25773	1.07599	-0.30652	0.61832
AGAUxx2	-1.05190	1.54644	-0.14491	0.65190
AGCGxx2	-1.06078	1.52699	-0.16755	0.66105
AGGCxx2	-1.04983	1.55265	-0.13747	0.64616
AGGUxx2	-1.07054	1.53053	-0.15448	0.66748
AGUAxx2	-1.05628	1.52319	-0.15417	0.66106
AGUGxx2	-1.05784	1.52012	-0.14455	0.65935
CGAUxx2	-1.01419	1.54905	-0.12778	0.63231
CGCGxx2	-1.02109	1.52881	-0.14135	0.64562
CGGCxx2	-1.01117	1.55651	-0.11977	0.62414
CGGUxx2	-1.03374	1.53485	-0.13853	0.64854
CGUAxx2	-1.01819	1.52710	-0.13624	0.64027
CGUGxx2	-1.01936	1.52613	-0.12881	0.64046
GGAUxx2	-1.01202	1.49321	-0.13002	0.61657
GGCGxx2	-1.01913	1.47290	-0.14380	0.63000
GGGCxx2	-1.00901	1.50037	-0.12213	0.60852
GGGUxx2	-1.03031	1.47869	-0.13962	0.63097
GGUAxx2	-1.01599	1.47085	-0.13880	0.62364
GGUGxx2	-1.01804	1.46893	-0.12965	0.62394
UGAUxx2	-1.02343	1.49894	-0.12044	0.61036
UGCGxx2	-1.02969	1.47763	-0.13353	0.62271
UGGCxx2	-1.02021	1.50628	-0.11201	0.60175
UGGUxx2	-1.04226	1.48510	-0.13061	0.62597
UGUAxx2	-1.02708	1.47652	-0.12908	0.61738
UGUGxx2	-1.03004	1.47607	-0.12187	0.61809
AGAxxU2	-1.05025	1.53497	-0.13398	0.64183
AGCxxU2	-1.06394	1.52354	-0.15837	0.66972
AGGxxU2	-1.04441	1.53445	-0.11843	0.62274
AGUxxU2	-1.05120	1.50668	-0.13827	0.64116
CGAxxG2	-1.01862	1.53344	-0.12231	0.62105
CGCxxG2	-1.03067	1.52105	-0.14538	0.64691
CGGxxG2	-1.01264	1.53338	-0.10636	0.60066
CGUxxG2	-1.01894	1.50450	-0.12566	0.61926
GGAxxC2	-1.03919	1.51433	-0.12784	0.62818
GGAxxU2	-1.03022	1.49844	-0.11945	0.62828
GGCxxC2	-1.05301	1.50347	-0.15187	0.65522
GGCxxU2	-1.04229	1.48644	-0.14212	0.65181
GGGxxC2	-1.03266	1.51311	-0.11186	0.60746
GGGxxU2	-1.02378	1.49608	-0.10227	0.60566
GGUxxC2	-1.04022	1.48667	-0.13172	0.62669
GGUxxU2	-1.03069	1.47018	-0.12288	0.62496
UGAxxA2	-1.01871	1.53769	-0.13086	0.63185
UGAxxG2	-1.01906	1.50328	-0.13473	0.63508
UGCxxA2	-0.94545	1.53962	-0.05741	0.50590
UGCxxG2	-1.02977	1.49134	-0.15775	0.65969
UGGxxA2	-1.01267	1.53800	-0.11567	0.61159
UGGxxG2	-1.01269	1.50155	-0.11761	0.61344
UGUxxA2	-1.01931	1.50891	-0.13451	0.62945
UGUxxG2	-1.01854	1.47546	-0.13848	0.63241
AxxAGU5	-1.04930	1.48227	-0.15112	0.73940
AxxCGU5	-1.01216	1.47344	-0.12183	0.69484
AxxGGU5	-1.02075	1.43393	-0.11798	0.68992
AxxUGU5	-1.01603	1.42882	-0.08695	0.67752
CxxAGG5	-1.04163	1.51612	-0.13280	0.72039
CxxCGG5	-1.00312	1.52379	-0.09184	0.67858
CxxGGG5	-1.01179	1.48462	-0.08831	0.67561
CxxUGG5	-1.00900	1.48480	-0.06746	0.65169
GxxAGC5	-1.05653	1.49701	-0.17085	0.70816
GxxAGU5	-1.03277	1.49960	-0.10456	0.71413
GxxCGC5	-1.01666	1.50413	-0.12520	0.66817
GxxCGU5	-1.00840	1.52811	-0.13789	0.63689
GxxGGC5	-1.02613	1.46349	-0.12380	0.66381
GxxGGU5	-1.01098	1.47022	-0.14003	0.61064
GxxUGC5	-1.02222	1.46337	-0.10155	0.63956
GxxUGU5	-1.02310	1.48063	-0.13647	0.60929
UxxAGA5	-1.03891	1.54500	-0.15790	0.68699
UxxAGG5	-1.06254	1.53015	-0.12874	0.68033
UxxCGA5	-1.00034	1.55135	-0.11310	0.64975
UxxCGG5	-1.03682	1.54222	-0.10810	0.66176
UxxGGA5	-1.00888	1.51291	-0.11238	0.64451
UxxGGG5	-1.03871	1.49686	-0.14039	0.60071
UxxUGA5	-1.00626	1.51262	-0.09045	0.62173
UxxUGG5	-1.03219	1.51661	-0.13970	0.62347
ACAUxx2	-1.06691	0.83579	-0.16715	0.53117
ACCGxx2	-1.05914	0.80783	-0.13561	0.49315
ACGCxx2	-1.07145	0.84871	-0.16932	0.52333
ACGUxx2	-1.06737	0.83767	-0.15561	0.52162
ACUAxx2	-1.05956	0.81809	-0.14924	0.49912
ACUGxx2	-1.06045	0.81644	-0.15018	0.51257
CCAUxx2	-1.11120	0.88805	-0.22977	0.59144
CCCGxx2	-1.10132	0.85904	-0.20244	0.55119
CCGCxx2	-1.11619	0.89516	-0.22896	0.58766
CCGUxx2	-1.10409	0.86085	-0.21430	0.58158
CCUAxx2	-1.10524	0.86324	-0.21053	0.56651
CCUGxx2	-1.10531	0.86496	-0.21086	0.57930
GCAUxx2	-1.06201	0.84801	-0.17301	0.52623
GCCGxx2	-1.05567	0.81286	-0.13801	0.49123
GCGCxx2	-1.06662	0.85422	-0.17182	0.52055
GCGUxx2	-1.05430	0.81912	-0.15741	0.51424
GCUAxx2	-1.05553	0.82247	-0.15110	0.49766
GCUGxx2	-1.05708	0.82428	-0.15178	0.50913
UCAUxx2	-1.08674	0.84403	-0.19947	0.55033
UCCGxx2	-1.08041	0.80825	-0.16512	0.51647
UCGCxx2	-1.09133	0.85029	-0.19778	0.54493
UCGUxx2	-1.07914	0.81525	-0.18325	0.53898
UCUAxx2	-1.08049	0.81826	-0.17830	0.52323
UCUGxx2	-1.08180	0.82020	-0.17843	0.53492
ACAxxU2	-1.06513	0.84328	-0.17132	0.52933
ACCxxU2	-1.05686	0.80718	-0.13682	0.49617
ACGxxU2	-1.07139	0.85016	-0.16865	0.52220
ACUxxU2	-1.05981	0.81767	-0.14871	0.49945
CCAxxG2	-1.10040	0.87276	-0.22319	0.58300
CCCxxG2	-1.09323	0.83666	-0.18979	0.55042
CCGxxG2	-1.10576	0.88011	-0.22106	0.57590
CCUxxG2	-1.09513	0.84779	-0.20228	0.55421
GCAxxC2	-1.06635	0.84901	-0.17110	0.52822
GCAxxU2	-1.07346	0.86334	-0.19863	0.57187
GCCxxC2	-1.05872	0.81331	-0.13713	0.49432
GCCxxU2	-1.06716	0.82466	-0.16496	0.53922
GCGxxC2	-1.07199	0.85549	-0.16815	0.51979
GCGxxU2	-1.08003	0.86687	-0.19722	0.56583
GCUxxC2	-1.06098	0.82346	-0.14842	0.49714
GCUxxU2	-1.06941	0.83582	-0.17878	0.54389
UCAxxA2	-1.09613	0.84996	-0.19722	0.55307
UCAxxG2	-1.08483	0.84549	-0.20237	0.56964
UCCxxA2	-1.08915	0.81387	-0.16389	0.52007
UCCxxG2	-1.07784	0.81160	-0.16892	0.53486
UCGxxA2	-1.10136	0.85664	-0.19430	0.54519
UCGxxG2	-1.08977	0.85293	-0.20002	0.56165
UCUxxA2	-1.09102	0.82445	-0.17542	0.52338
UCUxxG2	-1.07924	0.82179	-0.18137	0.53958
xxAUCA5	-1.09718	0.90112	-0.19660	0.55682
xxAUCC5	-1.06890	0.85549	-0.15770	0.51474
xxAUCG5	-1.10542	0.90989	-0.20221	0.55969
xxAUCU5	-1.07885	0.88925	-0.21339	0.55900
xxCGCA5	-1.06181	0.88963	-0.11737	0.50541
xxCGCC5	-1.03358	0.84897	-0.08048	0.46665
xxCGCG5	-1.07040	0.89697	-0.12044	0.50335
xxCGCU5	-1.04311	0.87827	-0.13278	0.50381
xxGCCA5	-1.10917	0.91693	-0.18706	0.56819
xxGCCC5	-1.08593	0.84502	-0.13995	0.53981
xxGCCG5	-1.12203	0.89730	-0.18811	0.57758
xxGCCU5	-1.09573	0.87834	-0.19676	0.58158
xxGUCA5	-1.09966	0.88611	-0.17815	0.51841
xxGUCC5	-1.05327	0.83524	-0.16403	0.49491
xxGUCG5	-1.10407	0.86694	-0.19957	0.48451
xxGUCU5	-1.04296	0.86708	-0.21457	0.55878
xxUACA5	-1.05062	0.85875	-0.12335	0.52067
xxUACC5	-1.02205	0.81519	-0.08443	0.47948
xxUACG5	-1.05917	0.86761	-0.12842	0.52063
xxUACU5	-1.03224	0.84784	-0.13928	0.52029
xxUGCA5	-1.09116	0.86406	-0.13069	0.57226
xxUGCC5	-1.04695	0.79384	-0.09353	0.56467
xxUGCG5	-1.06450	0.86348	-0.15865	0.60027
xxUGCU5	-1.04194	0.81001	-0.13562	0.64556
AxxACU5	-0.99701	0.81661	-0.10947	0.56590
AxxCCU5	-1.05741	0.89643	-0.20489	0.62815
AxxGCU5	-1.00802	0.89925	-0.19715	0.46121
AxxUCU5	-1.04333	0.85343	-0.14849	0.61524
CxxACG5	-1.03272	0.84520	-0.11325	0.57330
CxxCCG5	-1.09932	0.91214	-0.19805	0.65825
CxxGCG5	-1.05695	0.87529	-0.12391	0.58808
CxxUCG5	-1.08547	0.86756	-0.15965	0.61986
GxxACC5	-1.01681	0.83251	-0.10174	0.51918
GxxACU5	-1.04652	0.82290	-0.11040	0.56986
GxxCCC5	-1.08349	0.89345	-0.18187	0.60475
GxxCCU5	-1.11175	0.90817	-0.24647	0.59012
GxxGCC5	-1.04120	0.86206	-0.11164	0.53620
GxxGCU5	-1.04696	0.85961	-0.16180	0.48435
GxxUCC5	-1.06998	0.84973	-0.14482	0.56617
GxxUCU5	-1.07923	0.86093	-0.20228	0.51232
UxxACA5	-1.04501	0.85434	-0.12275	0.51840
UxxACG5	-1.07280	0.93923	-0.10103	0.60604
UxxCCA5	-1.11180	0.91835	-0.20209	0.60685
UxxCCG5	-1.09239	0.93506	-0.10652	0.61095
UxxGCA5	-1.06937	0.88466	-0.13331	0.53611
UxxGCG5	-1.08162	0.93539	-0.09895	0.60140
UxxUCA5	-1.09809	0.87484	-0.16602	0.56805
UxxUCG5	-1.08551	0.91556	-0.10803	0.60674
AUAUxx2	-1.34549	1.09715	-0.26086	0.68618
AUCGxx2	-1.33970	1.07317	-0.23220	0.64923
AUGCxx2	-1.34952	1.09226	-0.25407	0.67450
AUGUxx2	-1.34378	1.06464	-0.24179	0.67068
AUUAxx2	-1.34181	1.06824	-0.23483	0.65709
AUUGxx2	-1.34362	1.06868	-0.23615	0.66915
CUAUxx2	-1.37053	1.11957	-0.28666	0.71817
CUCGxx2	-1.36695	1.09227	-0.25215	0.68591
CUGCxx2	-1.37164	1.11947	-0.27850	0.70452
CUGUxx2	-1.36629	1.09224	-0.26704	0.70244
CUUAxx2	-1.36474	1.09458	-0.26003	0.68793
CUUGxx2	-1.36748	1.09649	-0.26281	0.70161
GUAUxx2	-1.34559	1.09098	-0.25369	0.67463
GUCGxx2	-1.34175	1.06481	-0.21850	0.64152
GUGCxx2	-1.34622	1.08957	-0.24491	0.65989
GUGUxx2	-1.34046	1.06120	-0.23280	0.65588
GUUAxx2	-1.33886	1.06571	-0.22523	0.64220
GUUGxx2	-1.34193	1.06616	-0.22832	0.65541
UUAUxx2	-1.35831	1.08149	-0.26666	0.68668
UUCGxx2	-1.35379	1.05367	-0.23073	0.65239
UUGCxx2	-1.35896	1.08063	-0.25823	0.67212
UUGUxx2	-1.35325	1.05256	-0.24586	0.66819
UUUAxx2	-1.35143	1.05569	-0.23849	0.65431
UUUGxx2	-1.35438	1.05731	-0.24207	0.66763
AUAxxU2	-1.34790	1.09419	-0.26385	0.69079
AUCxxU2	-1.34590	1.07376	-0.23582	0.66732
AUGxxU2	-1.34643	1.08686	-0.24818	0.66641
AUUxxU2	-1.33529	1.07059	-0.23546	0.64284
CUAxxG2	-1.36360	1.10456	-0.27934	0.70478
CUCxxG2	-1.36250	1.08371	-0.25094	0.68124
CUGxxG2	-1.36158	1.09741	-0.26384	0.68080
CUUxxG2	-1.35545	1.07402	-0.24576	0.66475
GUAxxC2	-1.34827	1.09544	-0.25821	0.68533
GUAxxU2	-1.34733	1.08715	-0.25602	0.68896
GUCxxC2	-1.34723	1.07558	-0.23001	0.66223
GUCxxU2	-1.34547	1.06731	-0.22588	0.66423
GUGxxC2	-1.34644	1.08756	-0.24239	0.66019
GUGxxU2	-1.34522	1.07900	-0.23851	0.66415
GUUxxC2	-1.34034	1.06509	-0.22437	0.64412
GUUxxU2	-1.33838	1.05615	-0.22047	0.64694
UUAxxA2	-1.36463	1.08737	-0.26640	0.69075
UUAxxG2	-1.35806	1.07978	-0.26276	0.69498
UUCxxA2	-1.36341	1.06616	-0.23731	0.66679
UUCxxG2	-1.35722	1.06069	-0.23365	0.66959
UUGxxA2	-1.36252	1.07989	-0.25076	0.66644
UUGxxG2	-1.35557	1.07210	-0.24651	0.66941
UUUxxA2	-1.35646	1.05653	-0.23260	0.64988
UUUxxG2	-1.34957	1.04982	-0.22848	0.65291
xxAUUA5	-1.35926	1.13664	-0.26156	0.69071
xxAUUC5	-1.33145	1.10777	-0.23448	0.66213
xxAUUG5	-1.36158	1.13400	-0.25688	0.67774
xxAUUU5	-1.33537	1.11433	-0.26519	0.67566
xxCGUA5	-1.35276	1.14329	-0.21709	0.68588
xxCGUC5	-1.32318	1.11702	-0.18999	0.65885
xxCGUG5	-1.35388	1.12328	-0.17413	0.71938
xxCGUU5	-1.32815	1.12144	-0.21993	0.67054
xxGCUA5	-1.37985	1.16360	-0.26745	0.72655
xxGCUC5	-1.35388	1.11206	-0.22327	0.71574
xxGCUG5	-1.38425	1.13936	-0.25137	0.72577
xxGCUU5	-1.35784	1.11974	-0.25617	0.72814
xxGUUA5	-1.36732	1.09085	-0.21067	0.69525
xxGUUC5	-1.34435	1.06651	-0.19405	0.69272
xxGUUG5	-1.35508	1.07711	-0.21290	0.69505
xxGUUU5	-1.32399	1.04823	-0.16614	0.74182
xxUAUA5	-1.34117	1.11963	-0.22763	0.70086
xxUAUC5	-1.31220	1.09117	-0.19979	0.67255
xxUAUG5	-1.34412	1.11809	-0.22365	0.68677
xxUAUU5	-1.31705	1.09841	-0.23134	0.68557
xxUGUA5	-1.35040	1.06425	-0.15104	0.77210
xxUGUC5	-1.32412	1.04962	-0.13774	0.77158
xxUGUG5	-1.35732	1.05897	-0.14412	0.76219
xxUGUU5	-1.30919	1.03475	-0.15489	0.75824
AxxAUU5	-1.27583	1.06609	-0.19571	0.73254
AxxCUU5	-1.30305	1.10723	-0.22820	0.77200
AxxGUU5	-1.28822	1.08465	-0.19237	0.71324
AxxUUU5	-1.29617	1.06503	-0.19316	0.74038
CxxAUG5	-1.32422	1.10035	-0.20726	0.74348
CxxCUG5	-1.35166	1.14330	-0.24128	0.77726
CxxGUG5	-1.33847	1.11104	-0.19447	0.73132
CxxUUG5	-1.34659	1.10467	-0.20964	0.74176
GxxAUC5	-1.31033	1.08921	-0.19857	0.68984
GxxAUU5	-1.31021	1.08772	-0.17916	0.73301
GxxCUC5	-1.33927	1.12841	-0.22938	0.72589
GxxCUU5	-1.38599	1.15106	-0.29626	0.79152
GxxGUC5	-1.32444	1.09952	-0.18510	0.67983
GxxGUU5	-1.34138	1.09340	-0.16481	0.71438
GxxUUC5	-1.33369	1.08977	-0.19896	0.68924
GxxUUU5	-1.34472	1.09785	-0.18152	0.74188
UxxAUA5	-1.33757	1.11711	-0.22723	0.69899
UxxAUG5	-1.29727	1.06141	-0.23473	0.69515
UxxCUA5	-1.36535	1.15777	-0.25662	0.73708
UxxCUG5	-1.38403	1.13440	-0.24270	0.84176
UxxGUA5	-1.35208	1.12809	-0.21414	0.69014
UxxGUG5	-1.34358	1.08266	-0.14175	0.73358
UxxUUA5	-1.36066	1.12025	-0.22736	0.70130
UxxUUG5	-1.35310	1.10398	-0.21905	0.69035
xxAUGA5	-1.02804	1.56201	-0.14065	0.63052
xxAUGC5	-1.04617	1.51308	-0.17803	0.65528
xxAUGG5	-1.01999	1.57007	-0.14708	0.62888
xxAUGU5	-1.03468	1.51074	-0.17538	0.63804
xxCGGA5	-1.05747	1.56622	-0.14431	0.67747
xxCGGC5	-1.07896	1.51551	-0.18303	0.70346
xxCGGG5	-1.04918	1.57453	-0.15060	0.67490
xxCGGU5	-1.06603	1.51489	-0.18029	0.68573
xxGCGA5	-1.02535	1.57788	-0.12731	0.64622
xxGCGC5	-1.03907	1.51915	-0.13731	0.69376
xxGCGG5	-1.01589	1.57846	-0.11193	0.66160
xxGCGU5	-1.02900	1.51728	-0.13679	0.67474
xxGUGA5	-1.02089	1.53146	-0.10854	0.61068
xxGUGC5	-1.05853	1.48506	-0.14406	0.65595
xxGUGG5	-1.02758	1.51106	-0.09848	0.60172
xxGUGU5	-1.01956	1.46397	-0.13090	0.65023
xxUAGA5	-1.05560	1.55513	-0.14025	0.67720
xxUAGC5	-1.07567	1.50532	-0.17777	0.70315
xxUAGG5	-1.04768	1.56389	-0.14753	0.67386
xxUAGU5	-1.06340	1.50508	-0.17592	0.68551
xxUGGA5	-1.03994	1.53932	-0.13882	0.61436
xxUGGC5	-1.06069	1.49240	-0.18891	0.62542
xxUGGG5	-1.02974	1.54397	-0.13517	0.61894
xxUGGU5	-1.04641	1.48803	-0.17431	0.61674
xUUxxx2 -1.33447	1.05456	-0.17811	0.72381
